tempo 4385
note 0 40 2 62 100
note 0 40 2 65 100
note 0 40 2 69 100
note 120 160 2 62 100
note 120 160 2 65 100
note 120 160 2 69 100
note 240 280 2 69 100
note 240 280 2 65 100
note 240 280 2 62 100
note 360 400 2 62 100
note 360 400 2 65 100
note 360 400 2 69 100
note 480 520 2 69 100
note 480 520 2 65 100
note 480 520 2 62 100
note 600 640 2 69 100
note 600 640 2 65 100
note 600 640 2 62 100
note 720 760 2 69 100
note 720 760 2 65 100
note 720 760 2 62 100
note 840 880 2 69 100
note 840 880 2 65 100
note 840 880 2 62 100
note 960 1000 2 62 100
note 960 1000 2 65 100
note 960 1000 2 69 100
note 1080 1120 2 69 100
note 1080 1120 2 65 100
note 1080 1120 2 62 100
note 1200 1240 2 69 100
note 1200 1240 2 65 100
note 1200 1240 2 62 100
note 1320 1360 2 69 100
note 1320 1360 2 65 100
note 1320 1360 2 62 100
note 1440 1480 2 62 100
note 1440 1480 2 65 100
note 1440 1480 2 69 100
note 1560 1600 2 62 100
note 1560 1600 2 65 100
note 1560 1600 2 69 100
note 1680 1720 2 59 100
note 1680 1720 2 64 100
note 1680 1720 2 68 100
note 1800 1840 2 68 100
note 1800 1840 2 64 100
note 1800 1840 2 59 100
note 1920 1960 2 62 100
note 1920 1960 2 67 100
note 1920 1960 2 70 100
note 2040 2080 2 70 100
note 2040 2080 2 67 100
note 2040 2080 2 62 100
note 2160 2200 2 62 100
note 2160 2200 2 67 100
note 2160 2200 2 70 100
note 2280 2320 2 62 100
note 2280 2320 2 67 100
note 2280 2320 2 70 100
note 2400 2440 2 62 100
note 2400 2440 2 67 100
note 2400 2440 2 70 100
note 2520 2560 2 70 100
note 2520 2560 2 67 100
note 2520 2560 2 62 100
note 2640 2680 2 64 100
note 2640 2680 2 69 100
note 2640 2680 2 73 100
note 2760 2800 2 73 100
note 2760 2800 2 69 100
note 2760 2800 2 64 100
note 2880 2920 2 62 100
note 2880 2920 2 65 100
note 2880 2920 2 69 100
note 3000 3040 2 69 100
note 3000 3040 2 65 100
note 3000 3040 2 62 100
note 3120 3160 2 69 100
note 3120 3160 2 65 100
note 3120 3160 2 62 100
note 3240 3280 2 69 100
note 3240 3280 2 65 100
note 3240 3280 2 62 100
note 3360 3400 2 62 100
note 3360 3400 2 65 100
note 3360 3400 2 69 100
note 3480 3520 2 62 100
note 3480 3520 2 65 100
note 3480 3520 2 69 100
note 3600 3640 2 59 100
note 3600 3640 2 64 100
note 3600 3640 2 68 100
note 3720 3760 2 68 100
note 3720 3760 2 64 100
note 3720 3760 2 59 100
note 3840 3880 2 62 100
note 3840 3880 2 67 100
note 3840 3880 2 70 100
note 3960 4000 2 70 100
note 3960 4000 2 67 100
note 3960 4000 2 62 100
note 4080 4120 2 62 100
note 4080 4120 2 67 100
note 4080 4120 2 70 100
note 4200 4240 2 62 100
note 4200 4240 2 67 100
note 4200 4240 2 70 100
note 4320 4360 2 62 100
note 4320 4360 2 67 100
note 4320 4360 2 70 100
note 4440 4480 2 70 100
note 4440 4480 2 67 100
note 4440 4480 2 62 100
note 4560 4600 2 64 100
note 4560 4600 2 69 100
note 4560 4600 2 73 100
note 4680 4720 2 73 100
note 4680 4720 2 69 100
note 4680 4720 2 64 100
note 4800 4840 2 62 100
note 4800 4840 2 65 100
note 4800 4840 2 69 100
note 4920 4960 2 69 100
note 4920 4960 2 65 100
note 4920 4960 2 62 100
note 5040 5080 2 69 100
note 5040 5080 2 65 100
note 5040 5080 2 62 100
note 5160 5200 2 69 100
note 5160 5200 2 65 100
note 5160 5200 2 62 100
note 5280 5320 2 62 100
note 5280 5320 2 65 100
note 5280 5320 2 69 100
note 5400 5440 2 62 100
note 5400 5440 2 65 100
note 5400 5440 2 69 100
note 5520 5560 2 59 100
note 5520 5560 2 64 100
note 5520 5560 2 68 100
note 5640 5680 2 68 100
note 5640 5680 2 64 100
note 5640 5680 2 59 100
note 5760 5800 2 62 100
note 5760 5800 2 67 100
note 5760 5800 2 70 100
note 5880 5920 2 70 100
note 5880 5920 2 67 100
note 5880 5920 2 62 100
note 6000 6040 2 62 100
note 6000 6040 2 67 100
note 6000 6040 2 70 100
note 6120 6160 2 62 100
note 6120 6160 2 67 100
note 6120 6160 2 70 100
note 6240 6280 2 62 100
note 6240 6280 2 67 100
note 6240 6280 2 70 100
note 6360 6400 2 70 100
note 6360 6400 2 67 100
note 6360 6400 2 62 100
note 6480 6520 2 64 100
note 6480 6520 2 69 100
note 6480 6520 2 73 100
note 6600 6640 2 73 100
note 6600 6640 2 69 100
note 6600 6640 2 64 100
note 6720 6760 2 69 100
note 6720 6760 2 65 100
note 6720 6760 2 62 100
note 6840 6880 2 62 100
note 6840 6880 2 65 100
note 6840 6880 2 69 100
note 6960 7000 2 62 100
note 6960 7000 2 65 100
note 6960 7000 2 69 100
note 7080 7120 2 69 100
note 7080 7120 2 65 100
note 7080 7120 2 62 100
note 7200 7240 2 70 100
note 7200 7240 2 67 100
note 7200 7240 2 62 100
note 7320 7360 2 62 100
note 7320 7360 2 67 100
note 7320 7360 2 70 100
note 7440 7480 2 69 100
note 7440 7480 2 65 100
note 7440 7480 2 62 100
note 7560 7600 2 62 100
note 7560 7600 2 65 100
note 7560 7600 2 69 100
note 8880 10550 2 79 60
note 8880 10550 2 80 60
note 10560 11510 2 80 60
note 10560 11510 2 77 60
note 12480 14390 2 82 80
note 16800 16820 2 65 100
note 16860 16880 2 65 100
note 16890 16910 2 65 100
note 16920 16940 2 65 100
note 16980 17000 2 65 100
note 17040 17060 2 65 100
note 17070 17090 2 65 100
note 17100 17120 2 65 100
note 17160 17180 2 65 100
note 17220 17240 2 65 100
note 17250 17270 2 65 100
note 17280 17300 2 65 100
note 17760 17780 2 65 100
note 17820 17840 2 65 100
note 17850 17870 2 65 100
note 17880 17900 2 65 100
note 17940 17960 2 65 100
note 18000 18020 2 65 100
note 18030 18050 2 65 100
note 18060 18080 2 65 100
note 18120 18140 2 65 100
note 18180 18200 2 65 100
note 18210 18230 2 65 100
note 18240 18260 2 70 100
note 18300 18320 2 70 100
note 18330 18350 2 70 100
note 18360 18380 2 70 100
note 18420 18440 2 70 100
note 18480 18500 2 70 100
note 18510 18530 2 70 100
note 18540 18560 2 70 100
note 18600 18620 2 70 100
note 18660 18680 2 70 100
note 18690 18710 2 70 100
note 18720 18740 2 70 100
note 18780 18800 2 70 100
note 18810 18830 2 70 100
note 18840 18860 2 70 100
note 18900 18920 2 70 100
note 18960 18980 2 70 100
note 18990 19010 2 70 100
note 19020 19040 2 70 100
note 19080 19100 2 70 100
note 19140 19160 2 70 100
note 19170 19190 2 70 100
note 19200 19220 2 70 100
note 19260 19280 2 70 100
note 19290 19310 2 70 100
note 19320 19340 2 70 100
note 19380 19400 2 70 100
note 19440 19460 2 70 100
note 19470 19490 2 70 100
note 19500 19520 2 70 100
note 19560 19580 2 70 100
note 19620 19640 2 70 100
note 19650 19670 2 70 100
note 19680 19700 2 70 100
note 19740 19760 2 70 100
note 19770 19790 2 70 100
note 19800 19820 2 70 100
note 19860 19880 2 70 100
note 19920 19940 2 70 100
note 19950 19970 2 70 100
note 19980 20000 2 70 100
note 20040 20060 2 70 100
note 20100 20120 2 70 100
note 20130 20150 2 70 100
note 20160 20180 2 70 100
note 20220 20240 2 70 100
note 20250 20270 2 70 100
note 20280 20300 2 70 100
note 20340 20360 2 70 100
note 20400 20420 2 70 100
note 20430 20450 2 70 100
note 20460 20480 2 70 100
note 20520 20540 2 70 100
note 20580 20600 2 70 100
note 20610 20630 2 70 100
note 20640 20660 2 70 100
note 20700 20720 2 70 100
note 20730 20750 2 70 100
note 20760 20780 2 70 100
note 20820 20840 2 70 100
note 20880 20900 2 70 100
note 20910 20930 2 70 100
note 20940 20960 2 70 100
note 21000 21020 2 70 100
note 21060 21080 2 70 100
note 21090 21110 2 70 100
note 21120 21140 2 70 100
note 21180 21200 2 70 100
note 21210 21230 2 70 100
note 21240 21260 2 70 100
note 21300 21320 2 70 100
note 21360 21380 2 70 100
note 21390 21410 2 70 100
note 21420 21440 2 70 100
note 21480 21500 2 70 100
note 21540 21560 2 70 100
note 21570 21590 2 70 100
note 21600 21620 2 70 100
note 21660 21680 2 70 100
note 21690 21710 2 70 100
note 21720 21740 2 70 100
note 21780 21800 2 70 100
note 21840 21860 2 70 100
note 21870 21890 2 70 100
note 21900 21920 2 70 100
note 21960 21980 2 70 100
note 22020 22040 2 70 100
note 22050 22070 2 70 100
note 22080 22100 2 70 100
note 22140 22160 2 70 100
note 22170 22190 2 70 100
note 22200 22220 2 70 100
note 22260 22280 2 70 100
note 22320 22340 2 70 100
note 22350 22370 2 70 100
note 22380 22400 2 70 100
note 22440 22460 2 70 100
note 22500 22520 2 70 100
note 22530 22550 2 70 100
note 22560 22580 2 70 100
note 22620 22640 2 70 100
note 22650 22670 2 70 100
note 22680 22700 2 70 100
note 22740 22760 2 70 100
note 22800 22820 2 70 100
note 22830 22850 2 70 100
note 22860 22880 2 70 100
note 22920 22940 2 70 100
note 22980 23000 2 70 100
note 23010 23030 2 70 100
note 23040 23060 2 70 100
note 23100 23120 2 70 100
note 23130 23150 2 70 100
note 23160 23180 2 70 100
note 23220 23240 2 70 100
note 23280 23300 2 70 100
note 23310 23330 2 70 100
note 23340 23360 2 70 100
note 23400 23420 2 70 100
note 23460 23480 2 70 100
note 23490 23510 2 70 100
note 23520 23540 2 70 100
note 23580 23600 2 70 100
note 23610 23630 2 70 100
note 23640 23660 2 70 100
note 23700 23720 2 70 100
note 23760 23780 2 70 100
note 23790 23810 2 70 100
note 23820 23840 2 70 100
note 23880 23900 2 70 100
note 23940 23960 2 70 100
note 23970 23990 2 70 100
note 480 650 3 58 100
note 480 650 3 46 100
note 660 710 3 57 100
note 660 710 3 45 100
note 720 770 3 53 100
note 720 770 3 41 100
note 780 950 3 52 100
note 780 950 3 40 100
note 960 1130 3 50 100
note 960 1130 3 38 100
note 1140 1190 3 52 100
note 1140 1190 3 40 100
note 1200 1220 3 53 100
note 1200 1220 3 41 100
note 1230 1250 3 52 100
note 1230 1250 3 40 100
note 1260 1300 3 53 100
note 1260 1300 3 41 100
note 1500 1520 3 55 100
note 1500 1520 3 43 100
note 1530 1550 3 57 100
note 1530 1550 3 45 100
note 1560 1600 3 58 100
note 1560 1600 3 46 100
note 1620 1660 3 57 100
note 1620 1660 3 45 100
note 1680 1910 3 56 100
note 1680 1910 3 44 100
note 1920 2090 3 55 100
note 1920 2090 3 43 100
note 2100 2150 3 57 100
note 2100 2150 3 45 100
note 2160 2180 3 58 100
note 2160 2180 3 46 100
note 2190 2210 3 57 100
note 2190 2210 3 45 100
note 2220 2260 3 58 100
note 2220 2260 3 46 100
note 2460 2480 3 60 100
note 2460 2480 3 48 100
note 2490 2510 3 62 100
note 2490 2510 3 50 100
note 2520 2560 3 63 100
note 2520 2560 3 51 100
note 2580 2620 3 62 100
note 2580 2620 3 50 100
note 2640 2870 3 61 100
note 2640 2870 3 49 100
note 2880 3050 3 50 100
note 2880 3050 3 38 100
note 3060 3110 3 52 100
note 3060 3110 3 40 100
note 3120 3140 3 53 100
note 3120 3140 3 41 100
note 3150 3170 3 52 100
note 3150 3170 3 40 100
note 3180 3220 3 53 100
note 3180 3220 3 41 100
note 3420 3440 3 55 100
note 3420 3440 3 43 100
note 3450 3470 3 57 100
note 3450 3470 3 45 100
note 3480 3520 3 58 100
note 3480 3520 3 46 100
note 3540 3580 3 57 100
note 3540 3580 3 45 100
note 3600 3830 3 56 100
note 3600 3830 3 44 100
note 3840 4010 3 55 100
note 3840 4010 3 43 100
note 4020 4070 3 57 100
note 4020 4070 3 45 100
note 4080 4100 3 58 100
note 4080 4100 3 46 100
note 4110 4130 3 57 100
note 4110 4130 3 45 100
note 4140 4180 3 58 100
note 4140 4180 3 46 100
note 4380 4400 3 60 100
note 4380 4400 3 48 100
note 4410 4430 3 62 100
note 4410 4430 3 50 100
note 4440 4480 3 63 100
note 4440 4480 3 51 100
note 4500 4540 3 62 100
note 4500 4540 3 50 100
note 4560 4790 3 61 100
note 4560 4790 3 49 100
note 4800 4970 3 50 100
note 4800 4970 3 38 100
note 4980 5030 3 52 100
note 4980 5030 3 40 100
note 5040 5060 3 53 100
note 5040 5060 3 41 100
note 5070 5090 3 52 100
note 5070 5090 3 40 100
note 5100 5140 3 53 100
note 5100 5140 3 41 100
note 5340 5360 3 55 100
note 5340 5360 3 43 100
note 5370 5390 3 57 100
note 5370 5390 3 45 100
note 5400 5440 3 58 100
note 5400 5440 3 46 100
note 5460 5500 3 57 100
note 5460 5500 3 45 100
note 5520 5750 3 56 100
note 5520 5750 3 44 100
note 5760 5930 3 55 100
note 5760 5930 3 43 100
note 5940 5990 3 57 100
note 5940 5990 3 45 100
note 6000 6020 3 58 100
note 6000 6020 3 46 100
note 6030 6050 3 57 100
note 6030 6050 3 45 100
note 6060 6100 3 58 100
note 6060 6100 3 46 100
note 6300 6320 3 60 100
note 6300 6320 3 48 100
note 6330 6350 3 62 100
note 6330 6350 3 50 100
note 6360 6400 3 63 100
note 6360 6400 3 51 100
note 6420 6460 3 62 100
note 6420 6460 3 50 100
note 6480 6710 3 61 100
note 6480 6710 3 49 100
note 6720 6830 3 38 100
note 6720 6830 3 50 100
note 6840 6950 3 48 100
note 6840 6950 3 36 100
note 6960 7070 3 46 100
note 6960 7070 3 34 100
note 7080 7190 3 45 100
note 7080 7190 3 33 100
note 7200 7310 3 43 100
note 7200 7310 3 31 100
note 7320 7370 3 29 100
note 7320 7370 3 41 100
note 7380 7430 3 28 100
note 7380 7430 3 40 100
note 7440 7670 3 26 100
note 7440 7670 3 38 100
note 7680 7910 3 43 100
note 7680 7910 3 31 100
note 7920 8150 3 29 100
note 7920 8150 3 41 100
note 8160 8630 3 44 100
note 8160 8630 3 32 100
note 12480 12950 3 43 100
note 12480 12950 3 31 100
note 12960 13430 3 42 100
note 12960 13430 3 30 100
note 13440 13910 3 51 100
note 13440 13910 3 39 100
note 13920 14390 3 50 100
note 13920 14390 3 38 100
note 14400 14870 3 43 100
note 14400 14870 3 31 100
note 14880 15350 3 42 100
note 14880 15350 3 30 100
note 15360 15830 3 51 100
note 15360 15830 3 39 100
note 15840 16070 3 50 100
note 15840 16070 3 38 100
note 16080 16310 3 30 100
note 16080 16310 3 42 100
note 16320 16670 3 43 100
note 16320 16670 3 31 100
note 16680 16790 3 33 100
note 16680 16790 3 45 100
note 16800 17270 3 34 100
note 16800 17270 3 46 100
note 17280 17630 3 27 100
note 17280 17630 3 39 100
note 17640 17750 3 43 100
note 17640 17750 3 31 100
note 17760 18230 3 41 100
note 17760 18230 3 29 100
note 18240 18590 3 43 100
note 18240 18590 3 31 100
note 18600 18710 3 45 100
note 18600 18710 3 33 100
note 18720 19190 3 46 100
note 18720 19190 3 34 100
note 19200 19550 3 39 100
note 19200 19550 3 27 100
note 19560 19670 3 43 100
note 19560 19670 3 31 100
note 19680 20150 3 29 100
note 19680 20150 3 41 100
note 20160 20510 3 43 100
note 20160 20510 3 31 100
note 20520 20630 3 33 100
note 20520 20630 3 45 100
note 20640 21110 3 34 100
note 20640 21110 3 46 100
note 21120 21470 3 27 100
note 21120 21470 3 39 100
note 21480 21590 3 43 100
note 21480 21590 3 31 100
note 21600 22070 3 41 100
note 21600 22070 3 29 100
note 22080 22430 3 43 100
note 22080 22430 3 31 100
note 22440 22550 3 45 100
note 22440 22550 3 33 100
note 22560 23030 3 46 100
note 22560 23030 3 34 100
note 23040 23390 3 39 100
note 23040 23390 3 27 100
note 23400 23510 3 43 100
note 23400 23510 3 31 100
note 23520 23990 3 29 100
note 23520 23990 3 41 100
note 480 650 4 58 100
note 480 650 4 46 100
note 660 710 4 45 100
note 660 710 4 57 100
note 720 770 4 41 100
note 720 770 4 53 100
note 780 950 4 40 100
note 780 950 4 52 100
note 960 1130 4 38 100
note 960 1130 4 50 100
note 1140 1190 4 52 100
note 1140 1190 4 40 100
note 1200 1220 4 53 100
note 1200 1220 4 41 100
note 1230 1250 4 52 100
note 1230 1250 4 40 100
note 1260 1280 4 53 100
note 1260 1280 4 41 100
note 1500 1520 4 55 100
note 1500 1520 4 43 100
note 1530 1550 4 45 100
note 1530 1550 4 57 100
note 1560 1600 4 58 100
note 1560 1600 4 46 100
note 1620 1660 4 57 100
note 1620 1660 4 45 100
note 1680 1910 4 56 100
note 1680 1910 4 44 100
note 1920 2090 4 55 100
note 1920 2090 4 43 100
note 2100 2150 4 45 100
note 2100 2150 4 57 100
note 2160 2180 4 58 100
note 2160 2180 4 46 100
note 2190 2210 4 57 100
note 2190 2210 4 45 100
note 2220 2240 4 58 100
note 2220 2240 4 46 100
note 2460 2480 4 48 100
note 2460 2480 4 60 100
note 2490 2510 4 50 100
note 2490 2510 4 62 100
note 2520 2560 4 51 100
note 2520 2560 4 63 100
note 2580 2620 4 50 100
note 2580 2620 4 62 100
note 2640 2870 4 61 100
note 2640 2870 4 49 100
note 2880 3050 4 38 100
note 2880 3050 4 50 100
note 3060 3110 4 52 100
note 3060 3110 4 40 100
note 3120 3140 4 53 100
note 3120 3140 4 41 100
note 3150 3170 4 52 100
note 3150 3170 4 40 100
note 3180 3200 4 53 100
note 3180 3200 4 41 100
note 3420 3440 4 55 100
note 3420 3440 4 43 100
note 3450 3470 4 45 100
note 3450 3470 4 57 100
note 3480 3520 4 58 100
note 3480 3520 4 46 100
note 3540 3580 4 57 100
note 3540 3580 4 45 100
note 3600 3830 4 56 100
note 3600 3830 4 44 100
note 3840 4010 4 55 100
note 3840 4010 4 43 100
note 4020 4070 4 45 100
note 4020 4070 4 57 100
note 4080 4100 4 58 100
note 4080 4100 4 46 100
note 4110 4130 4 57 100
note 4110 4130 4 45 100
note 4140 4160 4 58 100
note 4140 4160 4 46 100
note 4380 4400 4 48 100
note 4380 4400 4 60 100
note 4410 4430 4 50 100
note 4410 4430 4 62 100
note 4440 4480 4 51 100
note 4440 4480 4 63 100
note 4500 4540 4 50 100
note 4500 4540 4 62 100
note 4560 4790 4 61 100
note 4560 4790 4 49 100
note 4800 4970 4 38 100
note 4800 4970 4 50 100
note 4980 5030 4 52 100
note 4980 5030 4 40 100
note 5040 5060 4 53 100
note 5040 5060 4 41 100
note 5070 5090 4 52 100
note 5070 5090 4 40 100
note 5100 5120 4 53 100
note 5100 5120 4 41 100
note 5340 5360 4 55 100
note 5340 5360 4 43 100
note 5370 5390 4 45 100
note 5370 5390 4 57 100
note 5400 5440 4 58 100
note 5400 5440 4 46 100
note 5460 5500 4 57 100
note 5460 5500 4 45 100
note 5520 5750 4 56 100
note 5520 5750 4 44 100
note 5760 5930 4 55 100
note 5760 5930 4 43 100
note 5940 5990 4 45 100
note 5940 5990 4 57 100
note 6000 6020 4 58 100
note 6000 6020 4 46 100
note 6030 6050 4 57 100
note 6030 6050 4 45 100
note 6060 6080 4 58 100
note 6060 6080 4 46 100
note 6300 6320 4 48 100
note 6300 6320 4 60 100
note 6330 6350 4 50 100
note 6330 6350 4 62 100
note 6360 6400 4 51 100
note 6360 6400 4 63 100
note 6420 6460 4 50 100
note 6420 6460 4 62 100
note 6480 6710 4 61 100
note 6480 6710 4 49 100
note 7680 7910 4 62 127
note 7680 7910 4 67 127
note 7680 7910 4 70 127
note 7920 8150 4 62 127
note 7920 8150 4 65 127
note 7920 8150 4 69 127
note 8160 8630 4 59 127
note 8160 8630 4 64 127
note 8160 8630 4 68 127
note 12480 12950 4 62 100
note 12480 12950 4 67 100
note 12480 12950 4 70 100
note 12960 13430 4 62 100
note 12960 13430 4 66 100
note 12960 13430 4 69 100
note 13440 13910 4 62 100
note 13440 13910 4 70 100
note 13440 13910 4 67 100
note 13440 13910 4 63 100
note 13920 14150 4 67 100
note 13920 14150 4 70 100
note 14160 14390 4 69 100
note 14160 14390 4 66 100
note 13920 14390 4 62 100
note 14460 14570 4 74 127
note 14580 14630 4 72 127
note 14640 14810 4 70 127
note 14820 14840 4 72 127
note 14850 14870 4 74 127
note 14400 14870 4 67 100
note 14400 14870 4 62 100
note 14880 15050 4 75 127
note 15060 15110 4 74 127
note 15120 15350 4 72 127
note 14880 15350 4 69 100
note 14880 15350 4 66 100
note 14880 15350 4 62 100
note 15420 15530 4 74 127
note 15540 15590 4 72 127
note 15600 15770 4 70 127
note 15780 15800 4 72 127
note 15810 15830 4 70 127
note 15360 15830 4 62 100
note 15360 15830 4 67 100
note 15360 15830 4 63 100
note 15840 16010 4 74 127
note 16020 16040 4 75 127
note 16050 16070 4 74 127
note 15840 16070 4 62 100
note 15840 16070 4 70 100
note 15840 16070 4 67 100
note 16080 16310 4 62 100
note 16080 16310 4 66 100
note 16080 16310 4 69 100
note 2700 2710 5 57 67
note 2710 2720 5 61 77
note 2720 2730 5 64 87
note 2730 2740 5 69 97
note 2740 2750 5 73 107
note 2750 2760 5 76 117
note 2760 2770 5 81 127
note 2770 2780 5 76 117
note 2780 2790 5 73 107
note 2790 2800 5 69 97
note 2800 2810 5 64 87
note 2810 2820 5 61 77
note 2820 2830 5 57 67
note 2830 2840 5 73 97
note 2840 2850 5 69 87
note 2850 2860 5 64 77
note 2860 2870 5 61 67
note 2870 2880 5 57 57
note 4620 4630 5 57 67
note 4630 4640 5 61 77
note 4640 4650 5 64 87
note 4650 4660 5 69 97
note 4660 4670 5 73 107
note 4670 4680 5 76 117
note 4680 4690 5 81 127
note 4690 4700 5 76 117
note 4700 4710 5 73 107
note 4710 4720 5 69 97
note 4720 4730 5 64 87
note 4730 4740 5 61 77
note 4740 4750 5 57 67
note 4750 4760 5 73 97
note 4760 4770 5 69 87
note 4770 4780 5 64 77
note 4780 4790 5 61 67
note 4790 4800 5 57 57
note 6540 6550 5 57 67
note 6550 6560 5 61 77
note 6560 6570 5 64 87
note 6570 6580 5 69 97
note 6580 6590 5 73 107
note 6590 6600 5 76 117
note 6600 6610 5 81 127
note 6610 6620 5 76 117
note 6620 6630 5 73 107
note 6630 6640 5 69 97
note 6640 6650 5 64 87
note 6650 6660 5 61 77
note 6660 6670 5 57 67
note 6670 6680 5 73 97
note 6680 6690 5 69 87
note 6690 6700 5 64 77
note 6700 6710 5 61 67
note 6710 6720 5 57 57
note 8220 8230 5 64 67
note 8235 8245 5 68 77
note 8250 8260 5 71 87
note 8265 8275 5 76 97
note 8280 8290 5 80 107
note 8295 8305 5 83 117
note 8310 8320 5 88 127
note 8325 8335 5 83 117
note 8340 8350 5 80 107
note 8355 8365 5 76 97
note 8370 8380 5 71 87
note 8385 8395 5 68 77
note 8400 8410 5 64 67
note 8415 8425 5 68 77
note 8430 8440 5 71 87
note 8445 8455 5 76 97
note 8460 8470 5 80 107
note 8475 8485 5 76 97
note 8490 8500 5 71 87
note 8505 8515 5 68 77
note 8520 8530 5 64 67
note 8640 8690 5 70 100
note 8700 8750 5 67 100
note 8760 8810 5 70 100
note 8880 8930 5 72 100
note 8940 8990 5 67 100
note 9000 9050 5 72 100
note 9120 9170 5 70 100
note 9180 9230 5 67 100
note 9240 9290 5 70 100
note 9360 9410 5 70 100
note 9420 9470 5 69 100
note 9480 9530 5 65 100
note 9540 9590 5 62 100
note 9600 9650 5 70 100
note 9660 9710 5 67 100
note 9720 9770 5 70 100
note 9840 9890 5 72 100
note 9900 9950 5 67 100
note 9960 10010 5 72 100
note 10080 10130 5 70 100
note 10140 10190 5 67 100
note 10200 10250 5 70 100
note 10320 10370 5 70 100
note 10380 10430 5 69 100
note 10440 10490 5 65 100
note 10500 10550 5 62 100
note 10560 10610 5 70 100
note 10620 10670 5 67 100
note 10680 10730 5 70 100
note 10800 10850 5 72 100
note 10860 10910 5 67 100
note 10920 10970 5 72 100
note 11040 11090 5 70 100
note 11100 11150 5 67 100
note 11160 11210 5 70 100
note 11280 11330 5 70 100
note 11340 11390 5 69 100
note 11400 11450 5 65 100
note 11460 11510 5 62 100
note 11520 11570 5 70 100
note 11580 11630 5 67 100
note 11640 11690 5 70 100
note 11760 11810 5 72 100
note 11820 11870 5 67 100
note 11880 11930 5 72 100
note 12000 12050 5 70 100
note 12060 12110 5 67 100
note 12120 12170 5 70 100
note 12240 12290 5 70 100
note 12300 12350 5 69 100
note 12360 12410 5 65 100
note 12420 12470 5 62 100
note 16080 16090 5 54 67
note 16095 16105 5 57 77
note 16110 16120 5 62 87
note 16125 16135 5 66 97
note 16140 16150 5 57 77
note 16155 16165 5 62 87
note 16170 16180 5 66 97
note 16185 16195 5 69 107
note 16200 16210 5 62 87
note 16215 16225 5 66 97
note 16230 16240 5 69 107
note 16245 16255 5 74 117
note 16260 16270 5 66 97
note 16275 16285 5 69 107
note 16290 16300 5 74 117
note 16305 16315 5 78 127
note 16320 16340 5 57 100
note 16350 16370 5 55 80
note 16380 16400 5 58 100
note 16410 16430 5 57 80
note 16440 16460 5 62 100
note 16470 16490 5 58 80
note 16500 16520 5 65 100
note 16530 16550 5 62 80
note 16560 16580 5 57 100
note 16590 16610 5 55 80
note 16620 16640 5 58 100
note 16650 16670 5 57 80
note 16680 16700 5 62 100
note 16710 16730 5 58 80
note 16740 16760 5 65 100
note 16770 16790 5 62 80
note 16800 16820 5 57 100
note 16830 16850 5 55 80
note 16860 16880 5 58 100
note 16890 16910 5 57 80
note 16920 16940 5 62 100
note 16950 16970 5 58 80
note 16980 17000 5 65 100
note 17010 17030 5 62 80
note 17040 17060 5 57 100
note 17070 17090 5 55 80
note 17100 17120 5 58 100
note 17130 17150 5 57 80
note 17160 17180 5 62 100
note 17190 17210 5 58 80
note 17220 17240 5 65 100
note 17250 17270 5 62 80
note 17280 17300 5 57 100
note 17310 17330 5 55 80
note 17340 17360 5 58 100
note 17370 17390 5 57 80
note 17400 17420 5 62 100
note 17430 17450 5 58 80
note 17460 17480 5 65 100
note 17490 17510 5 62 80
note 17520 17540 5 57 100
note 17550 17570 5 55 80
note 17580 17600 5 58 100
note 17610 17630 5 57 80
note 17640 17660 5 62 100
note 17670 17690 5 58 80
note 17700 17720 5 65 100
note 17730 17750 5 62 80
note 17760 17780 5 57 100
note 17790 17810 5 55 80
note 17820 17840 5 58 100
note 17850 17870 5 57 80
note 17880 17900 5 62 100
note 17910 17930 5 58 80
note 17940 17960 5 65 100
note 17970 17990 5 62 80
note 18000 18020 5 57 100
note 18030 18050 5 55 80
note 18060 18080 5 58 100
note 18090 18110 5 57 80
note 18120 18140 5 62 100
note 18150 18170 5 58 80
note 18180 18200 5 65 100
note 18210 18230 5 62 80
note 18240 18260 5 57 100
note 18270 18290 5 55 80
note 18300 18320 5 58 100
note 18330 18350 5 57 80
note 18360 18380 5 62 100
note 18390 18410 5 58 80
note 18420 18440 5 65 100
note 18450 18470 5 62 80
note 18480 18500 5 57 100
note 18510 18530 5 55 80
note 18540 18560 5 58 100
note 18570 18590 5 57 80
note 18600 18620 5 62 100
note 18630 18650 5 58 80
note 18660 18680 5 65 100
note 18690 18710 5 62 80
note 18720 18740 5 57 100
note 18750 18770 5 55 80
note 18780 18800 5 58 100
note 18810 18830 5 57 80
note 18840 18860 5 62 100
note 18870 18890 5 58 80
note 18900 18920 5 65 100
note 18930 18950 5 62 80
note 18960 18980 5 57 100
note 18990 19010 5 55 80
note 19020 19040 5 58 100
note 19050 19070 5 57 80
note 19080 19100 5 62 100
note 19110 19130 5 58 80
note 19140 19160 5 65 100
note 19170 19190 5 62 80
note 19200 19220 5 57 100
note 19230 19250 5 55 80
note 19260 19280 5 58 100
note 19290 19310 5 57 80
note 19320 19340 5 62 100
note 19350 19370 5 58 80
note 19380 19400 5 65 100
note 19410 19430 5 62 80
note 19440 19460 5 57 100
note 19470 19490 5 55 80
note 19500 19520 5 58 100
note 19530 19550 5 57 80
note 19560 19580 5 62 100
note 19590 19610 5 58 80
note 19620 19640 5 65 100
note 19650 19670 5 62 80
note 19680 19700 5 57 100
note 19710 19730 5 55 80
note 19740 19760 5 58 100
note 19770 19790 5 57 80
note 19800 19820 5 62 100
note 19830 19850 5 58 80
note 19860 19880 5 65 100
note 19890 19910 5 62 80
note 19920 19940 5 57 100
note 19950 19970 5 55 80
note 19980 20000 5 58 100
note 20010 20030 5 57 80
note 20040 20060 5 62 100
note 20070 20090 5 58 80
note 20100 20120 5 65 100
note 20130 20150 5 62 80
note 2880 2930 6 89 100
note 2940 2990 6 88 100
note 3000 3050 6 84 100
note 3060 3110 6 81 100
note 3120 3170 6 89 100
note 3180 3230 6 88 100
note 3240 3290 6 84 100
note 3300 3350 6 81 100
note 3360 3410 6 89 100
note 3420 3470 6 88 100
note 3480 3530 6 84 100
note 3540 3590 6 81 100
note 3600 3650 6 87 100
note 3660 3710 6 83 100
note 3720 3770 6 87 100
note 3780 3830 6 83 100
note 3840 3890 6 94 100
note 3900 3950 6 93 100
note 3960 4010 6 89 100
note 4020 4070 6 86 100
note 4080 4130 6 94 100
note 4140 4190 6 93 100
note 4200 4250 6 89 100
note 4260 4310 6 86 100
note 4320 4370 6 94 100
note 4380 4430 6 93 100
note 4440 4490 6 89 100
note 4500 4550 6 86 100
note 4560 4610 6 92 100
note 4800 4850 6 89 100
note 4860 4910 6 88 100
note 4920 4970 6 84 100
note 4980 5030 6 81 100
note 5040 5090 6 89 100
note 5100 5150 6 88 100
note 5160 5210 6 84 100
note 5220 5270 6 81 100
note 5280 5330 6 89 100
note 5340 5390 6 88 100
note 5400 5450 6 84 100
note 5460 5510 6 81 100
note 5520 5570 6 87 100
note 5580 5630 6 83 100
note 5640 5690 6 87 100
note 5700 5750 6 83 100
note 5760 5810 6 94 100
note 5820 5870 6 93 100
note 5880 5930 6 89 100
note 5940 5990 6 86 100
note 6000 6050 6 94 100
note 6060 6110 6 93 100
note 6120 6170 6 89 100
note 6180 6230 6 86 100
note 6240 6290 6 94 100
note 6300 6350 6 93 100
note 6360 6410 6 89 100
note 6420 6470 6 86 100
note 6480 6530 6 92 100
note 8640 9110 6 86 127
note 8640 9110 6 93 127
note 8640 9110 6 94 127
note 9600 10070 6 94 127
note 9600 10070 6 93 127
note 9600 10070 6 86 127
note 10560 11030 6 94 127
note 10560 11030 6 93 127
note 10560 11030 6 86 127
note 11520 11990 6 94 127
note 11520 11990 6 93 127
note 11520 11990 6 86 127
note 14460 14570 6 86 100
note 14580 14630 6 84 100
note 14640 14810 6 82 100
note 14820 14840 6 84 100
note 14850 14870 6 86 100
note 14880 15050 6 87 100
note 15060 15110 6 86 100
note 15120 15350 6 84 100
note 15420 15530 6 86 100
note 15540 15590 6 84 100
note 15600 15770 6 82 100
note 15780 15800 6 84 100
note 15810 15830 6 82 100
note 15840 16010 6 86 100
note 16020 16040 6 87 100
note 16050 16070 6 86 100
note 4860 4890 7 53 100
note 4860 4890 7 57 100
note 4860 4890 7 62 100
note 4980 5010 7 62 100
note 4980 5010 7 57 100
note 4980 5010 7 53 100
note 5040 5060 7 53 100
note 5040 5060 7 57 100
note 5040 5060 7 62 100
note 5070 5090 7 62 100
note 5070 5090 7 57 100
note 5070 5090 7 53 100
note 5100 5130 7 53 100
note 5100 5130 7 57 100
note 5100 5130 7 62 100
note 5580 5590 7 68 100
note 5580 5590 7 64 100
note 5580 5590 7 62 100
note 5610 5620 7 68 100
note 5610 5620 7 64 100
note 5610 5620 7 62 100
note 5640 5750 7 62 100
note 5640 5750 7 64 100
note 5640 5750 7 68 100
note 5820 5850 7 58 100
note 5820 5850 7 67 100
note 5820 5850 7 62 100
note 5940 5970 7 58 100
note 5940 5970 7 62 100
note 5940 5970 7 67 100
note 6000 6020 7 58 100
note 6000 6020 7 62 100
note 6000 6020 7 67 100
note 6030 6050 7 67 100
note 6030 6050 7 62 100
note 6030 6050 7 58 100
note 6060 6090 7 58 100
note 6060 6090 7 62 100
note 6060 6090 7 67 100
note 6540 6550 7 64 100
note 6540 6550 7 71 100
note 6540 6550 7 73 100
note 6570 6580 7 64 100
note 6570 6580 7 71 100
note 6570 6580 7 73 100
note 6600 6710 7 73 100
note 6600 6710 7 71 100
note 6600 6710 7 64 100
note 6720 6900 7 65 127
note 6900 6950 7 64 127
note 6960 7130 7 65 127
note 7140 7170 7 67 127
note 7170 7200 7 69 127
note 7200 7310 7 70 127
note 7320 7370 7 69 127
note 7380 7430 7 67 127
note 7440 7500 7 69 127
note 7500 7550 7 65 127
note 7560 8150 7 62 127
note 18780 18790 7 62 100
note 18780 18790 7 69 100
note 18780 18790 7 70 100
note 18810 18820 7 62 100
note 18810 18820 7 69 100
note 18810 18820 7 70 100
note 18840 18890 7 70 100
note 18840 18890 7 69 100
note 18840 18890 7 62 100
note 18900 18930 7 70 100
note 18900 18930 7 67 100
note 18900 18930 7 62 100
note 18960 19000 7 70 100
note 18960 19000 7 67 100
note 18960 19000 7 62 100
note 19740 19750 7 65 100
note 19740 19750 7 70 100
note 19740 19750 7 69 100
note 19770 19780 7 65 100
note 19770 19780 7 69 100
note 19770 19780 7 70 100
note 19800 19850 7 70 100
note 19800 19850 7 65 100
note 19800 19850 7 69 100
note 19860 19890 7 72 100
note 19860 19890 7 69 100
note 19860 19890 7 65 100
note 19920 19960 7 72 100
note 19920 19960 7 69 100
note 19920 19960 7 65 100
note 20700 20710 7 62 100
note 20700 20710 7 69 100
note 20700 20710 7 70 100
note 20730 20740 7 62 100
note 20730 20740 7 69 100
note 20730 20740 7 70 100
note 20760 20810 7 70 100
note 20760 20810 7 69 100
note 20760 20810 7 62 100
note 20820 20850 7 70 100
note 20820 20850 7 67 100
note 20820 20850 7 62 100
note 20880 20920 7 70 100
note 20880 20920 7 67 100
note 20880 20920 7 62 100
note 21660 21670 7 65 100
note 21660 21670 7 70 100
note 21660 21670 7 69 100
note 21690 21700 7 65 100
note 21690 21700 7 69 100
note 21690 21700 7 70 100
note 21720 21770 7 70 100
note 21720 21770 7 65 100
note 21720 21770 7 69 100
note 21780 21810 7 72 100
note 21780 21810 7 69 100
note 21780 21810 7 65 100
note 21840 21880 7 72 100
note 21840 21880 7 69 100
note 21840 21880 7 65 100
note 22620 22630 7 62 100
note 22620 22630 7 69 100
note 22620 22630 7 70 100
note 22650 22660 7 62 100
note 22650 22660 7 69 100
note 22650 22660 7 70 100
note 22680 22730 7 70 100
note 22680 22730 7 69 100
note 22680 22730 7 62 100
note 22740 22770 7 70 100
note 22740 22770 7 67 100
note 22740 22770 7 62 100
note 22800 22840 7 70 100
note 22800 22840 7 67 100
note 22800 22840 7 62 100
note 23580 23590 7 65 100
note 23580 23590 7 70 100
note 23580 23590 7 69 100
note 23610 23620 7 65 100
note 23610 23620 7 69 100
note 23610 23620 7 70 100
note 23640 23690 7 70 100
note 23640 23690 7 65 100
note 23640 23690 7 69 100
note 23700 23730 7 72 100
note 23700 23730 7 69 100
note 23700 23730 7 65 100
note 23760 23800 7 72 100
note 23760 23800 7 69 100
note 23760 23800 7 65 100
note 8640 8870 8 43 100
note 8880 9110 8 51 100
note 9120 9590 8 50 100
note 9600 9830 8 46 100
note 9840 10070 8 48 100
note 10080 10550 8 50 100
note 10560 10790 8 43 100
note 10800 11030 8 39 100
note 11040 11510 8 38 100
note 11520 11750 8 36 100
note 11760 11990 8 37 100
note 12000 12470 8 38 100
note 12540 12660 8 58 127
note 12660 12710 8 57 127
note 12720 12900 8 55 127
note 12900 12930 8 57 127
note 12930 12950 8 58 127
note 12960 13140 8 62 127
note 13140 13190 8 60 127
note 13200 13430 8 57 127
note 13500 13620 8 58 127
note 13620 13670 8 57 127
note 13680 13860 8 55 127
note 13860 13890 8 57 127
note 13890 13915 8 55 127
note 13920 14100 8 58 127
note 14100 14130 8 60 127
note 14130 14160 8 58 127
note 14160 14390 8 57 127
note 14460 14580 8 58 127
note 14580 14630 8 57 127
note 14640 14820 8 55 127
note 14820 14850 8 57 127
note 14850 14870 8 58 127
note 14880 15060 8 62 127
note 15060 15110 8 60 127
note 15120 15350 8 57 127
note 15420 15540 8 58 127
note 15540 15590 8 57 127
note 15600 15780 8 55 127
note 15780 15810 8 57 127
note 15810 15835 8 55 127
note 15840 16020 8 58 127
note 16020 16050 8 60 127
note 16050 16080 8 58 127
note 16080 16310 8 57 127
note 20160 20190 9 69 127
note 20190 20220 9 65 127
note 20220 20250 9 70 127
note 20250 20280 9 65 127
note 20280 20310 9 74 127
note 20310 20340 9 65 127
note 20340 20370 9 77 127
note 20370 20400 9 65 127
note 20400 20430 9 69 127
note 20430 20460 9 65 127
note 20460 20490 9 70 127
note 20490 20520 9 65 127
note 20520 20550 9 74 127
note 20550 20580 9 65 127
note 20580 20610 9 77 127
note 20610 20640 9 65 127
note 20640 20670 9 69 127
note 20670 20700 9 65 127
note 20700 20730 9 70 127
note 20730 20760 9 65 127
note 20760 20790 9 74 127
note 20790 20820 9 65 127
note 20820 20850 9 77 127
note 20850 20880 9 65 127
note 20880 20910 9 69 127
note 20910 20940 9 65 127
note 20940 20970 9 70 127
note 20970 21000 9 65 127
note 21000 21030 9 74 127
note 21030 21060 9 65 127
note 21060 21090 9 77 127
note 21090 21120 9 65 127
note 21120 21150 9 69 127
note 21150 21180 9 65 127
note 21180 21210 9 70 127
note 21210 21240 9 65 127
note 21240 21270 9 74 127
note 21270 21300 9 65 127
note 21300 21330 9 77 127
note 21330 21360 9 65 127
note 21360 21390 9 69 127
note 21390 21420 9 65 127
note 21420 21450 9 70 127
note 21450 21480 9 65 127
note 21480 21510 9 74 127
note 21510 21540 9 65 127
note 21540 21570 9 77 127
note 21570 21600 9 65 127
note 21600 21630 9 69 127
note 21630 21660 9 65 127
note 21660 21690 9 70 127
note 21690 21720 9 65 127
note 21720 21750 9 74 127
note 21750 21780 9 65 127
note 21780 21810 9 77 127
note 21810 21840 9 65 127
note 21840 21870 9 69 127
note 21870 21900 9 65 127
note 21900 21930 9 70 127
note 21930 21960 9 65 127
note 21960 21990 9 74 127
note 21990 22020 9 65 127
note 22020 22050 9 77 127
note 22050 22080 9 65 127
note 22080 22110 9 69 127
note 22110 22140 9 65 127
note 22140 22170 9 70 127
note 22170 22200 9 65 127
note 22200 22230 9 74 127
note 22230 22260 9 65 127
note 22260 22290 9 77 127
note 22290 22320 9 65 127
note 22320 22350 9 69 127
note 22350 22380 9 65 127
note 22380 22410 9 70 127
note 22410 22440 9 65 127
note 22440 22470 9 74 127
note 22470 22500 9 65 127
note 22500 22530 9 77 127
note 22530 22560 9 65 127
note 22560 22590 9 69 127
note 22590 22620 9 65 127
note 22620 22650 9 70 127
note 22650 22680 9 65 127
note 22680 22710 9 74 127
note 22710 22740 9 65 127
note 22740 22770 9 77 127
note 22770 22800 9 65 127
note 22800 22830 9 69 127
note 22830 22860 9 65 127
note 22860 22890 9 70 127
note 22890 22920 9 65 127
note 22920 22950 9 74 127
note 22950 22980 9 65 127
note 22980 23010 9 77 127
note 23010 23040 9 65 127
note 23040 23070 9 69 127
note 23070 23100 9 65 127
note 23100 23130 9 70 127
note 23130 23160 9 65 127
note 23160 23190 9 74 127
note 23190 23220 9 65 127
note 23220 23250 9 77 127
note 23250 23280 9 65 127
note 23280 23310 9 69 127
note 23310 23340 9 65 127
note 23340 23370 9 70 127
note 23370 23400 9 65 127
note 23400 23430 9 74 127
note 23430 23460 9 65 127
note 23460 23490 9 77 127
note 23490 23520 9 65 127
note 23520 23550 9 69 127
note 23550 23580 9 65 127
note 23580 23610 9 70 127
note 23610 23640 9 65 127
note 23640 23670 9 74 127
note 23670 23700 9 65 127
note 23700 23730 9 77 127
note 23730 23760 9 65 127
note 23760 23790 9 69 127
note 23790 23820 9 65 127
note 23820 23850 9 70 127
note 23850 23880 9 65 127
note 23880 23910 9 74 127
note 23910 23940 9 65 127
note 23940 23970 9 77 127
note 23970 24000 9 65 127
note 0 15 10 40 100
note 100 105 10 40 60
note 110 115 10 40 80
note 120 125 10 40 100
note 220 225 10 40 60
note 230 235 10 40 80
note 240 245 10 40 100
note 270 285 10 40 100
note 300 315 10 40 100
note 460 465 10 40 60
note 470 475 10 40 80
note 480 485 10 40 100
note 540 555 10 40 100
note 570 585 10 40 100
note 600 615 10 40 100
note 630 645 10 40 100
note 660 675 10 40 100
note 720 735 10 40 100
note 940 945 10 40 60
note 950 955 10 40 80
note 960 965 10 40 100
note 1060 1065 10 40 60
note 1070 1075 10 40 80
note 1080 1085 10 40 100
note 1180 1185 10 40 60
note 1190 1195 10 40 80
note 1200 1205 10 40 100
note 1230 1245 10 40 100
note 1260 1275 10 40 100
note 1420 1425 10 40 60
note 1430 1435 10 40 80
note 1440 1445 10 40 100
note 1500 1515 10 40 100
note 1530 1545 10 40 100
note 1560 1575 10 40 100
note 1590 1605 10 40 100
note 1620 1635 10 40 100
note 1680 1695 10 40 100
note 1900 1905 10 40 60
note 1910 1915 10 40 80
note 1920 1925 10 40 100
note 2020 2025 10 40 60
note 2030 2035 10 40 80
note 2040 2045 10 40 100
note 2140 2145 10 40 60
note 2150 2155 10 40 80
note 2160 2165 10 40 100
note 2190 2205 10 40 100
note 2220 2235 10 40 100
note 2380 2385 10 40 60
note 2390 2395 10 40 80
note 2400 2405 10 40 100
note 2460 2475 10 40 100
note 2490 2505 10 40 100
note 2520 2535 10 40 100
note 2550 2565 10 40 100
note 2580 2595 10 40 100
note 2640 2655 10 40 100
note 2860 2865 10 40 60
note 2870 2875 10 40 80
note 2880 2885 10 40 100
note 2980 2985 10 40 60
note 2990 2995 10 40 80
note 3000 3005 10 40 100
note 3100 3105 10 40 60
note 3110 3115 10 40 80
note 3120 3125 10 40 100
note 3150 3165 10 40 100
note 3180 3195 10 40 100
note 3340 3345 10 40 60
note 3350 3355 10 40 80
note 3360 3365 10 40 100
note 3420 3435 10 40 100
note 3450 3465 10 40 100
note 3480 3495 10 40 100
note 3510 3525 10 40 100
note 3540 3555 10 40 100
note 3600 3615 10 40 100
note 3820 3825 10 40 60
note 3830 3835 10 40 80
note 3840 3845 10 40 100
note 3940 3945 10 40 60
note 3950 3955 10 40 80
note 3960 3965 10 40 100
note 4060 4065 10 40 60
note 4070 4075 10 40 80
note 4080 4085 10 40 100
note 4110 4125 10 40 100
note 4140 4155 10 40 100
note 4300 4305 10 40 60
note 4310 4315 10 40 80
note 4320 4325 10 40 100
note 4380 4395 10 40 100
note 4410 4425 10 40 100
note 4440 4455 10 40 100
note 4470 4485 10 40 100
note 4500 4515 10 40 100
note 4560 4575 10 40 100
note 4780 4785 10 40 60
note 4790 4795 10 40 80
note 4800 4805 10 40 100
note 4900 4905 10 40 60
note 4910 4915 10 40 80
note 4920 4925 10 40 100
note 5020 5025 10 40 60
note 5030 5035 10 40 80
note 5040 5045 10 40 100
note 5070 5085 10 40 100
note 5100 5115 10 40 100
note 5260 5265 10 40 60
note 5270 5275 10 40 80
note 5280 5285 10 40 100
note 5340 5355 10 40 100
note 5370 5385 10 40 100
note 5400 5415 10 40 100
note 5430 5445 10 40 100
note 5460 5475 10 40 100
note 5520 5535 10 40 100
note 5740 5745 10 40 60
note 5750 5755 10 40 80
note 5760 5765 10 40 100
note 5860 5865 10 40 60
note 5870 5875 10 40 80
note 5880 5885 10 40 100
note 5980 5985 10 40 60
note 5990 5995 10 40 80
note 6000 6005 10 40 100
note 6030 6045 10 40 100
note 6060 6075 10 40 100
note 6220 6225 10 40 60
note 6230 6235 10 40 80
note 6240 6245 10 40 100
note 6300 6315 10 40 100
note 6330 6345 10 40 100
note 6360 6375 10 40 100
note 6390 6405 10 40 100
note 6420 6435 10 40 100
note 6480 6495 10 40 100
note 6700 6705 10 40 60
note 6710 6715 10 40 80
note 6720 6725 10 40 100
note 6820 6825 10 40 60
note 6830 6835 10 40 80
note 6840 6845 10 40 100
note 6940 6945 10 40 60
note 6950 6955 10 40 80
note 6960 6965 10 40 100
note 6990 7005 10 40 100
note 7020 7035 10 40 100
note 7180 7185 10 40 60
note 7190 7195 10 40 80
note 7200 7205 10 40 100
note 7260 7275 10 40 100
note 7290 7305 10 40 100
note 7320 7335 10 40 100
note 7350 7365 10 40 100
note 7380 7395 10 40 100
note 7440 7455 10 40 100
note 7660 7665 10 40 60
note 7670 7675 10 40 80
note 7680 7685 10 40 100
note 7780 7785 10 40 60
note 7790 7795 10 40 80
note 7800 7805 10 40 100
note 7900 7905 10 40 60
note 7910 7915 10 40 80
note 7920 7925 10 40 100
note 7950 7965 10 40 100
note 7980 7995 10 40 100
note 8140 8145 10 40 60
note 8150 8155 10 40 80
note 8160 8165 10 40 100
note 8220 8235 10 40 100
note 8250 8265 10 40 100
note 8280 8295 10 40 100
note 8310 8325 10 40 100
note 8340 8355 10 40 100
note 8400 8415 10 40 100
note 8620 8625 10 40 60
note 8630 8635 10 40 80
note 16320 16335 10 40 100
note 16420 16425 10 40 60
note 16430 16435 10 40 80
note 16440 16445 10 40 100
note 16540 16545 10 40 60
note 16550 16555 10 40 80
note 16560 16565 10 40 100
note 16590 16605 10 40 100
note 16620 16635 10 40 100
note 16780 16785 10 40 60
note 16790 16795 10 40 80
note 16800 16805 10 40 100
note 16860 16875 10 40 100
note 16890 16905 10 40 100
note 16920 16935 10 40 100
note 16950 16965 10 40 100
note 16980 16995 10 40 100
note 17040 17055 10 40 100
note 17260 17265 10 40 60
note 17270 17275 10 40 80
note 17280 17285 10 40 100
note 17380 17385 10 40 60
note 17390 17395 10 40 80
note 17400 17405 10 40 100
note 17500 17505 10 40 60
note 17510 17515 10 40 80
note 17520 17525 10 40 100
note 17550 17565 10 40 100
note 17580 17595 10 40 100
note 17740 17745 10 40 60
note 17750 17755 10 40 80
note 17760 17765 10 40 100
note 17820 17835 10 40 100
note 17850 17865 10 40 100
note 17880 17895 10 40 100
note 17910 17925 10 40 100
note 17940 17955 10 40 100
note 18000 18015 10 40 100
note 18220 18225 10 40 60
note 18230 18235 10 40 80
note 18240 18245 10 40 100
note 18340 18345 10 40 60
note 18350 18355 10 40 80
note 18360 18365 10 40 100
note 18460 18465 10 40 60
note 18470 18475 10 40 80
note 18480 18485 10 40 100
note 18510 18525 10 40 100
note 18540 18555 10 40 100
note 18700 18705 10 40 60
note 18710 18715 10 40 80
note 18720 18725 10 40 100
note 18780 18795 10 40 100
note 18810 18825 10 40 100
note 18840 18855 10 40 100
note 18870 18885 10 40 100
note 18900 18915 10 40 100
note 18960 18975 10 40 100
note 19180 19185 10 40 60
note 19190 19195 10 40 80
note 19200 19205 10 40 100
note 19300 19305 10 40 60
note 19310 19315 10 40 80
note 19320 19325 10 40 100
note 19420 19425 10 40 60
note 19430 19435 10 40 80
note 19440 19445 10 40 100
note 19470 19485 10 40 100
note 19500 19515 10 40 100
note 19660 19665 10 40 60
note 19670 19675 10 40 80
note 19680 19685 10 40 100
note 19740 19755 10 40 100
note 19770 19785 10 40 100
note 19800 19815 10 40 100
note 19830 19845 10 40 100
note 19860 19875 10 40 100
note 19920 19935 10 40 100
note 20140 20145 10 40 60
note 20150 20155 10 40 80
note 20160 20165 10 40 100
note 20260 20265 10 40 60
note 20270 20275 10 40 80
note 20280 20285 10 40 100
note 20380 20385 10 40 60
note 20390 20395 10 40 80
note 20400 20405 10 40 100
note 20430 20445 10 40 100
note 20460 20475 10 40 100
note 20620 20625 10 40 60
note 20630 20635 10 40 80
note 20640 20645 10 40 100
note 20700 20715 10 40 100
note 20730 20745 10 40 100
note 20760 20775 10 40 100
note 20790 20805 10 40 100
note 20820 20835 10 40 100
note 20880 20895 10 40 100
note 21100 21105 10 40 60
note 21110 21115 10 40 80
note 21120 21125 10 40 100
note 21220 21225 10 40 60
note 21230 21235 10 40 80
note 21240 21245 10 40 100
note 21340 21345 10 40 60
note 21350 21355 10 40 80
note 21360 21365 10 40 100
note 21390 21405 10 40 100
note 21420 21435 10 40 100
note 21580 21585 10 40 60
note 21590 21595 10 40 80
note 21600 21605 10 40 100
note 21660 21675 10 40 100
note 21690 21705 10 40 100
note 21720 21735 10 40 100
note 21750 21765 10 40 100
note 21780 21795 10 40 100
note 21840 21855 10 40 100
note 22060 22065 10 40 60
note 22070 22075 10 40 80
note 22080 22085 10 40 100
note 22180 22185 10 40 60
note 22190 22195 10 40 80
note 22200 22205 10 40 100
note 22300 22305 10 40 60
note 22310 22315 10 40 80
note 22320 22325 10 40 100
note 22350 22365 10 40 100
note 22380 22395 10 40 100
note 22540 22545 10 40 60
note 22550 22555 10 40 80
note 22560 22565 10 40 100
note 22620 22635 10 40 100
note 22650 22665 10 40 100
note 22680 22695 10 40 100
note 22710 22725 10 40 100
note 22740 22755 10 40 100
note 22800 22815 10 40 100
note 23020 23025 10 40 60
note 23030 23035 10 40 80
note 23040 23045 10 40 100
note 23140 23145 10 40 60
note 23150 23155 10 40 80
note 23160 23165 10 40 100
note 23260 23265 10 40 60
note 23270 23275 10 40 80
note 23280 23285 10 40 100
note 23310 23325 10 40 100
note 23340 23355 10 40 100
note 23500 23505 10 40 60
note 23510 23515 10 40 80
note 23520 23525 10 40 100
note 23580 23595 10 40 100
note 23610 23625 10 40 100
note 23640 23655 10 40 100
note 23670 23685 10 40 100
note 23700 23715 10 40 100
note 23760 23775 10 40 100
note 23980 23985 10 40 60
note 23990 23995 10 40 80
note 6720 6830 11 50 100
note 6840 6950 11 48 100
note 6960 7070 11 46 100
note 7080 7190 11 45 100
note 7200 7310 11 43 100
note 7320 7370 11 41 100
note 7380 7430 11 40 100
note 7440 7670 11 38 100
note 20280 20360 11 55 127
note 20370 20390 11 57 127
note 20400 20420 11 58 127
note 20460 20630 11 62 127
note 20760 20840 11 55 127
note 20850 20870 11 57 127
note 20880 21110 11 58 127
note 21240 21320 11 55 127
note 21330 21350 11 57 127
note 21360 21410 11 58 127
note 21420 21470 11 62 127
note 21480 21530 11 60 127
note 21540 21590 11 58 127
note 21600 22070 11 60 127
note 22200 22280 11 55 127
note 22290 22310 11 57 127
note 22320 22340 11 58 127
note 22380 22490 11 62 127
note 22500 22550 11 65 127
note 22560 22670 11 63 127
note 22680 22760 11 62 127
note 22770 22790 11 60 127
note 22800 22970 11 62 127
note 22980 23000 11 60 127
note 23010 23030 11 62 127
note 23040 23150 11 63 127
note 23160 23240 11 62 127
note 23250 23270 11 60 127
note 23280 23390 11 62 127
note 23400 23510 11 58 127
note 23520 23690 11 58 127
note 23700 23720 11 60 127
note 23730 23750 11 62 127
note 23760 23990 11 60 127
note 11520 11530 12 105 127
note 11540 11550 12 101 127
note 11550 11560 12 104 123
note 11570 11580 12 100 123
note 11580 11590 12 103 117
note 11600 11610 12 99 117
note 11610 11620 12 102 112
note 11630 11640 12 98 112
note 11640 11650 12 101 107
note 11660 11670 12 97 107
note 11670 11680 12 100 102
note 11690 11700 12 96 102
note 11700 11710 12 99 97
note 11720 11730 12 95 97
note 11730 11740 12 98 92
note 11750 11760 12 94 92
note 11760 11770 12 102 112
note 11780 11790 12 98 112
note 11790 11800 12 101 107
note 11810 11820 12 97 107
note 11820 11830 12 100 102
note 11840 11850 12 96 102
note 11850 11860 12 99 97
note 11870 11880 12 95 97
note 11880 11890 12 98 92
note 11900 11910 12 94 92
note 11910 11920 12 97 87
note 11930 11940 12 93 87
note 11940 11950 12 96 82
note 11960 11970 12 92 82
note 11970 11980 12 95 77
note 11990 12000 12 91 77
note 12000 12010 12 98 92
note 12020 12030 12 94 92
note 12030 12040 12 97 87
note 12050 12060 12 93 87
note 12060 12070 12 96 82
note 12080 12090 12 92 82
note 12090 12100 12 95 77
note 12110 12120 12 91 77
note 12120 12130 12 94 72
note 12140 12150 12 90 72
note 12150 12160 12 93 67
note 12170 12180 12 89 67
note 12180 12190 12 92 62
note 12200 12210 12 88 62
note 12210 12220 12 91 57
note 12230 12240 12 87 57
note 12240 12250 12 93 67
note 12260 12270 12 89 67
note 12270 12280 12 92 62
note 12290 12300 12 88 62
note 12300 12310 12 91 57
note 12320 12330 12 87 57
note 12330 12340 12 90 52
note 12350 12360 12 86 52
note 12360 12370 12 89 47
note 12380 12390 12 85 47
note 12390 12400 12 88 42
note 12410 12420 12 84 42
note 12420 12430 12 87 37
note 12440 12450 12 83 37
note 12450 12460 12 86 32
note 12470 12480 12 82 32
note 12540 12590 13 62 100
note 12600 12650 13 67 100
note 12660 12710 13 70 100
note 12720 12770 13 74 100
note 13020 13070 13 62 100
note 13080 13130 13 66 100
note 13140 13190 13 69 100
note 13200 13250 13 74 100
note 13500 13550 13 63 100
note 13560 13610 13 67 100
note 13620 13670 13 70 100
note 13680 13730 13 75 100
note 13980 14030 13 62 100
note 14040 14090 13 67 100
note 14100 14150 13 70 100
note 14160 14210 13 69 100
note 14220 14270 13 66 100
note 14280 14330 13 62 100
note 14460 14510 13 62 100
note 14520 14570 13 67 100
note 14580 14630 13 70 100
note 14640 14690 13 74 100
note 14940 14990 13 62 100
note 15000 15050 13 66 100
note 15060 15110 13 69 100
note 15120 15170 13 74 100
note 15420 15470 13 63 100
note 15480 15530 13 67 100
note 15540 15590 13 70 100
note 15600 15650 13 75 100
note 15900 15950 13 62 100
note 15960 16010 13 67 100
note 16020 16070 13 70 100
