tempo 4166
note 240 720 1 82 100
note 720 1200 1 80 100
note 1200 1680 1 78 100
note 1680 2160 1 80 100
note 2160 3120 1 82 100
note 3180 3225 1 82 100
note 3240 3280 1 82 100
note 3420 3465 1 82 100
note 3480 3520 1 82 100
note 3660 3705 1 82 100
note 3720 3760 1 82 100
note 3840 3880 1 84 100
note 3960 4040 1 85 100
note 4140 4185 1 82 100
note 4200 4240 1 82 100
note 4380 4425 1 82 100
note 4440 4480 1 82 100
note 4620 4665 1 82 100
note 4680 4720 1 82 100
note 4800 4840 1 84 100
note 4920 5000 1 85 100
note 5100 5145 1 82 100
note 5160 5200 1 82 100
note 5340 5385 1 82 100
note 5400 5440 1 82 100
note 5580 5625 1 82 100
note 5640 5680 1 82 100
note 5760 5800 1 83 100
note 5880 5960 1 82 100
note 6060 6105 1 82 100
note 6120 6160 1 82 100
note 6300 6345 1 83 100
note 6360 6400 1 83 100
note 6540 6585 1 82 100
note 6600 6640 1 82 100
note 6720 6760 1 83 100
note 6840 6920 1 82 100
note 7020 7065 1 82 100
note 7080 7120 1 82 100
note 7260 7305 1 82 100
note 7320 7360 1 82 100
note 7500 7545 1 82 100
note 7560 7600 1 82 100
note 7680 7720 1 83 100
note 7800 7880 1 82 100
note 7980 8025 1 82 100
note 8040 8080 1 82 100
note 8220 8265 1 83 100
note 8280 8320 1 83 100
note 8460 8505 1 82 100
note 8520 8560 1 82 100
note 8640 8680 1 83 100
note 8760 8840 1 82 100
note 8940 8985 1 82 100
note 9000 9040 1 82 100
note 9180 9225 1 82 100
note 9240 9280 1 82 100
note 9420 9465 1 82 100
note 9480 9520 1 82 100
note 9600 9640 1 83 100
note 9720 9800 1 82 100
note 9900 9945 1 82 100
note 9960 10000 1 82 100
note 10140 10185 1 83 100
note 10200 10240 1 83 100
note 10380 10425 1 82 100
note 10440 10480 1 82 100
note 10560 10600 1 83 100
note 10680 10760 1 82 100
note 10860 10905 1 82 100
note 10920 10960 1 82 100
note 11100 11145 1 82 100
note 11160 11200 1 82 100
note 11340 11385 1 82 100
note 11400 11440 1 82 100
note 11520 11560 1 83 100
note 11640 11720 1 82 100
note 11820 11865 1 82 100
note 11880 11920 1 82 100
note 12060 12105 1 83 100
note 12120 12160 1 83 100
note 12300 12345 1 82 100
note 12360 12400 1 82 100
note 12480 12520 1 83 100
note 12600 12680 1 82 100
note 12720 13800 1 80 100
note 240 720 2 78 100
note 720 1200 2 77 100
note 1200 1680 2 75 100
note 1680 2160 2 77 100
note 2160 3120 2 78 100
note 3180 3225 2 78 100
note 3240 3280 2 78 100
note 3420 3465 2 78 100
note 3480 3525 2 78 100
note 3660 3705 2 78 100
note 3720 3765 2 78 100
note 3840 3885 2 81 100
note 3960 4040 2 82 100
note 4140 4185 2 78 100
note 4200 4240 2 78 100
note 4380 4425 2 78 100
note 4440 4485 2 78 100
note 4620 4665 2 78 100
note 4680 4725 2 78 100
note 4800 4845 2 81 100
note 4920 5000 2 82 100
note 5100 5145 2 78 100
note 5160 5205 2 78 100
note 5340 5385 2 78 100
note 5400 5445 2 78 100
note 5580 5625 2 78 100
note 5640 5685 2 78 100
note 5760 5805 2 78 100
note 5880 5960 2 78 100
note 6060 6105 2 78 100
note 6120 6165 2 78 100
note 6300 6345 2 78 100
note 6360 6405 2 78 100
note 6540 6585 2 78 100
note 6600 6645 2 78 100
note 6720 6765 2 78 100
note 6840 6920 2 78 100
note 7020 7065 2 78 100
note 7080 7125 2 78 100
note 7260 7305 2 78 100
note 7320 7365 2 78 100
note 7500 7545 2 78 100
note 7560 7605 2 78 100
note 7680 7725 2 78 100
note 7800 7880 2 78 100
note 7980 8025 2 78 100
note 8040 8085 2 78 100
note 8220 8265 2 78 100
note 8280 8325 2 78 100
note 8460 8505 2 78 100
note 8520 8565 2 78 100
note 8640 8685 2 78 100
note 8760 8840 2 78 100
note 8940 8985 2 78 100
note 9000 9045 2 78 100
note 9180 9225 2 78 100
note 9240 9285 2 78 100
note 9420 9465 2 78 100
note 9480 9525 2 78 100
note 9600 9645 2 78 100
note 9720 9800 2 78 100
note 9900 9945 2 78 100
note 9960 10005 2 78 100
note 10140 10185 2 78 100
note 10200 10245 2 78 100
note 10380 10425 2 78 100
note 10440 10485 2 78 100
note 10560 10605 2 78 100
note 10680 10760 2 78 100
note 10860 10905 2 78 100
note 10920 10965 2 78 100
note 11100 11145 2 78 100
note 11160 11205 2 78 100
note 11340 11385 2 78 100
note 11400 11445 2 78 100
note 11520 11565 2 78 100
note 11640 11720 2 78 100
note 11820 11865 2 78 100
note 11880 11925 2 78 100
note 12060 12105 2 78 100
note 12120 12165 2 78 100
note 12300 12345 2 78 100
note 12360 12405 2 78 100
note 12480 12525 2 78 100
note 12600 12680 2 78 100
note 12720 13800 2 77 100
note 12720 13800 2 74 100
note 240 720 3 75 100
note 720 1200 3 73 100
note 1200 1680 3 71 100
note 1680 2160 3 73 100
note 2160 3120 3 75 100
note 5100 5130 3 94 100
note 5160 5220 3 93 100
note 5220 5250 3 94 100
note 5280 5430 3 95 100
note 5460 5490 3 94 100
note 5520 5580 3 93 100
note 5580 5610 3 94 100
note 5640 5670 3 89 100
note 5760 5910 3 92 100
note 5940 5970 3 90 100
note 6060 6090 3 87 100
note 6120 6180 3 86 100
note 6180 6210 3 87 100
note 6240 6270 3 89 100
note 6360 6390 3 90 100
note 6480 6660 3 83 100
note 6660 6690 3 82 100
note 6690 6720 3 83 100
note 6720 6900 3 82 100
note 7020 7050 3 94 100
note 7080 7140 3 93 100
note 7140 7170 3 94 100
note 7200 7350 3 95 100
note 7380 7410 3 94 100
note 7440 7500 3 93 100
note 7500 7530 3 94 100
note 7560 7590 3 89 100
note 7680 7830 3 92 100
note 7860 7890 3 90 100
note 7980 8010 3 87 100
note 8040 8100 3 86 100
note 8100 8130 3 87 100
note 8160 8190 3 89 100
note 8280 8310 3 90 100
note 8400 8880 3 87 100
note 8940 8970 3 94 100
note 9000 9060 3 93 100
note 9060 9090 3 94 100
note 9120 9270 3 95 100
note 9300 9330 3 94 100
note 9360 9420 3 93 100
note 9420 9450 3 94 100
note 9480 9510 3 89 100
note 9600 9750 3 92 100
note 9780 9810 3 90 100
note 9900 9930 3 87 100
note 9960 10020 3 86 100
note 10020 10050 3 87 100
note 10080 10110 3 89 100
note 10200 10230 3 90 100
note 10320 10500 3 83 100
note 10500 10530 3 82 100
note 10530 10560 3 83 100
note 10560 10740 3 82 100
note 10860 10890 3 94 100
note 10920 10980 3 93 100
note 10980 11010 3 94 100
note 11040 11190 3 95 100
note 11220 11250 3 94 100
note 11280 11340 3 93 100
note 11340 11370 3 94 100
note 11400 11430 3 89 100
note 11520 11670 3 92 100
note 11700 11730 3 90 100
note 11820 11850 3 87 100
note 11880 11940 3 86 100
note 11940 11970 3 87 100
note 12000 12030 3 89 100
note 12120 12150 3 90 100
note 12240 12720 3 87 100
note 12720 13800 3 74 100
note 240 300 4 87 100
note 300 360 4 94 100
note 360 420 4 92 100
note 420 480 4 94 100
note 480 540 4 90 100
note 540 600 4 92 100
note 600 660 4 89 100
note 660 720 4 90 100
note 720 780 4 87 100
note 780 840 4 94 100
note 840 900 4 92 100
note 900 960 4 94 100
note 960 1020 4 90 100
note 1020 1080 4 92 100
note 1080 1140 4 89 100
note 1140 1200 4 90 100
note 1200 1260 4 87 100
note 1260 1320 4 94 100
note 1320 1380 4 92 100
note 1380 1440 4 94 100
note 1440 1500 4 90 100
note 1500 1560 4 92 100
note 1560 1620 4 89 100
note 1620 1680 4 90 100
note 1680 1740 4 87 100
note 1740 1800 4 94 100
note 1800 1860 4 92 100
note 1860 1920 4 94 100
note 1920 1980 4 90 100
note 1980 2040 4 92 100
note 2040 2100 4 89 100
note 2100 2160 4 90 100
note 2160 2220 4 87 100
note 2220 2280 4 94 100
note 2280 2340 4 92 100
note 2340 2400 4 94 100
note 2400 2460 4 90 100
note 2460 2520 4 92 100
note 2520 2580 4 89 100
note 2580 2640 4 90 100
note 2640 2700 4 87 100
note 2700 2760 4 94 100
note 2760 2820 4 92 100
note 2820 2880 4 94 100
note 2880 2940 4 90 100
note 2940 3000 4 92 100
note 3000 3060 4 89 100
note 3060 3120 4 90 100
note 3180 3200 4 82 100
note 3240 3260 4 82 100
note 3420 3440 4 82 100
note 3480 3500 4 82 100
note 3660 3680 4 82 100
note 3720 3740 4 82 100
note 3840 3860 4 84 100
note 3960 4040 4 85 100
note 4140 4160 4 82 100
note 4200 4220 4 82 100
note 4380 4400 4 82 100
note 4440 4460 4 82 100
note 4620 4640 4 82 100
note 4680 4700 4 82 100
note 4800 4820 4 84 100
note 4920 5000 4 85 100
note 5100 5120 4 82 100
note 5160 5180 4 82 100
note 5340 5360 4 82 100
note 5400 5420 4 82 100
note 5580 5600 4 82 100
note 5640 5660 4 82 100
note 5760 5780 4 83 100
note 5880 5960 4 82 100
note 6060 6080 4 82 100
note 6120 6140 4 82 100
note 6300 6320 4 82 100
note 6360 6380 4 82 100
note 6540 6560 4 82 100
note 6600 6620 4 82 100
note 6720 6740 4 83 100
note 6840 6920 4 82 100
note 7020 7040 4 82 100
note 7080 7100 4 82 100
note 7260 7280 4 82 100
note 7320 7340 4 82 100
note 7500 7520 4 82 100
note 7560 7580 4 82 100
note 7680 7700 4 83 100
note 7800 7880 4 82 100
note 7980 8000 4 82 100
note 8040 8060 4 82 100
note 8220 8240 4 82 100
note 8280 8300 4 82 100
note 8460 8480 4 82 100
note 8520 8540 4 82 100
note 8640 8660 4 83 100
note 8760 8840 4 82 100
note 8940 8960 4 82 100
note 9000 9020 4 82 100
note 9180 9200 4 82 100
note 9240 9260 4 82 100
note 9420 9440 4 82 100
note 9480 9500 4 82 100
note 9600 9620 4 83 100
note 9720 9800 4 82 100
note 9900 9920 4 82 100
note 9960 9980 4 82 100
note 10140 10160 4 82 100
note 10200 10220 4 82 100
note 10380 10400 4 82 100
note 10440 10460 4 82 100
note 10560 10580 4 83 100
note 10680 10760 4 82 100
note 10860 10880 4 82 100
note 10920 10940 4 82 100
note 11100 11120 4 82 100
note 11160 11180 4 82 100
note 11340 11360 4 82 100
note 11400 11420 4 82 100
note 11520 11540 4 83 100
note 11640 11720 4 82 100
note 11820 11840 4 82 100
note 11880 11900 4 82 100
note 12060 12080 4 82 100
note 12120 12140 4 82 100
note 12300 12320 4 82 100
note 12360 12380 4 82 100
note 12480 12500 4 83 100
note 12600 12680 4 82 100
note 270 330 5 87 100
note 330 390 5 94 100
note 390 450 5 92 100
note 450 510 5 94 100
note 510 570 5 90 100
note 570 630 5 92 100
note 630 690 5 89 100
note 690 750 5 90 100
note 750 810 5 87 100
note 810 870 5 94 100
note 870 930 5 92 100
note 930 990 5 94 100
note 990 1050 5 90 100
note 1050 1110 5 92 100
note 1110 1170 5 89 100
note 1170 1230 5 90 100
note 1230 1290 5 87 100
note 1290 1350 5 94 100
note 1350 1410 5 92 100
note 1410 1470 5 94 100
note 1470 1530 5 90 100
note 1530 1590 5 92 100
note 1590 1650 5 89 100
note 1650 1710 5 90 100
note 1710 1770 5 87 100
note 1770 1830 5 94 100
note 1830 1890 5 92 100
note 1890 1950 5 94 100
note 1950 2010 5 90 100
note 2010 2070 5 92 100
note 2070 2130 5 89 100
note 2130 2190 5 90 100
note 2190 2250 5 87 100
note 2250 2310 5 94 100
note 2310 2370 5 92 100
note 2370 2430 5 94 100
note 2430 2490 5 90 100
note 2490 2550 5 92 100
note 2550 2610 5 89 100
note 2610 2670 5 90 100
note 2670 2730 5 87 100
note 2730 2790 5 94 100
note 2790 2850 5 92 100
note 2850 2910 5 94 100
note 2910 2970 5 90 100
note 2970 3030 5 92 100
note 3030 3090 5 89 100
note 3090 3150 5 90 100
note 240 3120 6 39 85
note 3180 3200 6 75 100
note 3240 3260 6 75 100
note 3420 3440 6 75 100
note 3480 3500 6 75 100
note 3660 3680 6 75 100
note 3720 3740 6 75 100
note 3840 3860 6 77 100
note 3960 4040 6 78 100
note 4140 4160 6 75 100
note 4200 4220 6 75 100
note 4380 4400 6 75 100
note 4440 4460 6 75 100
note 4620 4640 6 75 100
note 4680 4700 6 75 100
note 4800 4820 6 77 100
note 4920 5000 6 78 100
note 5100 5120 6 75 100
note 5160 5180 6 75 100
note 5340 5360 6 75 100
note 5400 5420 6 75 100
note 5580 5600 6 75 100
note 5640 5660 6 75 100
note 5760 5780 6 74 100
note 5880 5960 6 74 100
note 6060 6080 6 75 100
note 6120 6140 6 75 100
note 6300 6320 6 75 100
note 6360 6380 6 75 100
note 6540 6560 6 74 100
note 6600 6620 6 74 100
note 6720 6740 6 74 100
note 6840 6920 6 74 100
note 7020 7040 6 75 100
note 7080 7100 6 75 100
note 7260 7280 6 75 100
note 7320 7340 6 75 100
note 7500 7520 6 75 100
note 7560 7580 6 75 100
note 7680 7700 6 74 100
note 7800 7880 6 74 100
note 7980 8000 6 75 100
note 8040 8060 6 75 100
note 8220 8240 6 74 100
note 8280 8300 6 74 100
note 8460 8480 6 75 100
note 8520 8540 6 75 100
note 8640 8660 6 75 100
note 8760 8840 6 75 100
note 8940 8960 6 75 100
note 9000 9020 6 75 100
note 9180 9200 6 75 100
note 9240 9260 6 75 100
note 9420 9440 6 75 100
note 9480 9500 6 75 100
note 9600 9620 6 74 100
note 9720 9800 6 74 100
note 9900 9920 6 75 100
note 9960 9980 6 75 100
note 10140 10160 6 75 100
note 10200 10220 6 75 100
note 10380 10400 6 74 100
note 10440 10460 6 74 100
note 10560 10580 6 74 100
note 10680 10760 6 74 100
note 10860 10880 6 75 100
note 10920 10940 6 75 100
note 11100 11120 6 75 100
note 11160 11180 6 75 100
note 11340 11360 6 75 100
note 11400 11420 6 75 100
note 11520 11540 6 74 100
note 11640 11720 6 74 100
note 11820 11840 6 75 100
note 11880 11900 6 75 100
note 12060 12080 6 74 100
note 12120 12140 6 74 100
note 12300 12320 6 75 100
note 12360 12380 6 75 100
note 12480 12500 6 75 100
note 12600 12680 6 75 100
note 240 720 7 27 100
note 720 1200 7 27 100
note 1200 1680 7 27 100
note 1680 2160 7 27 100
note 2160 2640 7 27 100
note 2640 3120 7 27 100
note 3120 3300 7 27 100
note 3300 3360 7 27 100
note 3360 3540 7 27 100
note 3540 3600 7 27 100
note 3600 3780 7 27 100
note 3780 3900 7 27 100
note 3900 4020 7 27 100
note 4020 4080 7 30 100
note 4080 4260 7 27 100
note 4260 4320 7 27 100
note 4320 4500 7 27 100
note 4500 4560 7 27 100
note 4560 4740 7 27 100
note 4740 4860 7 27 100
note 4860 4980 7 27 100
note 4980 5040 7 30 100
note 5040 5220 7 27 100
note 5220 5280 7 27 100
note 5280 5460 7 27 100
note 5460 5520 7 27 100
note 5520 5700 7 27 100
note 5700 5820 7 27 100
note 5820 5940 7 34 100
note 5940 6000 7 34 100
note 6000 6180 7 27 100
note 6180 6240 7 27 100
note 6240 6420 7 32 100
note 6420 6480 7 32 100
note 6480 6660 7 34 100
note 6660 6780 7 34 100
note 6780 6900 7 34 100
note 6900 6960 7 34 100
note 6960 7140 7 27 100
note 7140 7200 7 27 100
note 7200 7380 7 27 100
note 7380 7440 7 27 100
note 7440 7620 7 27 100
note 7620 7740 7 27 100
note 7740 7860 7 34 100
note 7860 7920 7 34 100
note 7920 8100 7 27 100
note 8100 8160 7 27 100
note 8160 8340 7 34 100
note 8340 8400 7 34 100
note 8400 8580 7 27 100
note 8580 8640 7 27 100
note 8640 8820 7 27 100
note 8820 8880 7 27 100
note 8880 9060 7 27 100
note 9060 9120 7 27 100
note 9120 9300 7 27 100
note 9300 9360 7 27 100
note 9360 9540 7 27 100
note 9540 9660 7 27 100
note 9660 9780 7 34 100
note 9780 9840 7 34 100
note 9840 10020 7 27 100
note 10020 10080 7 27 100
note 10080 10260 7 32 100
note 10260 10320 7 32 100
note 10320 10500 7 34 100
note 10500 10620 7 34 100
note 10620 10740 7 34 100
note 10740 10800 7 34 100
note 10800 10980 7 27 100
note 10980 11040 7 27 100
note 11040 11220 7 27 100
note 11220 11280 7 27 100
note 11280 11460 7 27 100
note 11460 11580 7 27 100
note 11580 11700 7 34 100
note 11700 11760 7 34 100
note 11760 11940 7 27 100
note 11940 12000 7 27 100
note 12000 12180 7 34 100
note 12180 12240 7 34 100
note 12240 12420 7 27 100
note 12420 12480 7 27 100
note 12480 12660 7 27 100
note 12660 12720 7 27 100
note 12720 13800 7 16 100
note 0 10 16 44 31
note 20 30 16 44 38
note 30 40 16 44 41
note 40 50 16 44 44
note 50 60 16 44 47
note 60 70 16 44 51
note 70 80 16 44 54
note 80 90 16 44 57
note 90 100 16 44 60
note 100 110 16 44 63
note 110 120 16 44 66
note 120 130 16 44 70
note 130 140 16 44 73
note 140 150 16 44 76
note 150 160 16 44 79
note 160 170 16 44 83
note 170 180 16 44 86
note 180 190 16 44 89
note 190 200 16 44 92
note 200 210 16 44 96
note 210 220 16 44 99
note 230 240 16 44 100
note 240 360 16 51 100
note 660 690 16 51 100
note 690 720 16 51 100
note 720 840 16 51 100
note 1140 1170 16 51 100
note 1200 1320 16 51 100
note 1620 1650 16 51 100
note 1650 1680 16 51 100
note 1680 1800 16 51 100
note 2100 2130 16 51 100
note 2160 2280 16 51 72
note 2280 2400 16 51 79
note 2400 2520 16 51 85
note 2520 2640 16 51 91
note 2640 2760 16 51 99
note 2760 2880 16 51 100
note 2880 3000 16 51 100
note 3000 3120 16 51 100
note 3120 3150 16 51 100
note 3300 3330 16 51 100
note 3330 3360 16 51 100
note 3360 3390 16 51 100
note 3540 3570 16 51 100
note 3570 3600 16 51 100
note 3600 3630 16 51 100
note 3780 3810 16 51 100
note 3810 3840 16 51 100
note 3840 3870 16 51 100
note 3960 3990 16 54 100
note 4080 4110 16 51 100
note 4260 4290 16 51 100
note 4290 4320 16 51 100
note 4320 4350 16 51 100
note 4500 4530 16 51 100
note 4530 4560 16 51 100
note 4560 4590 16 51 100
note 4740 4770 16 51 100
note 4770 4800 16 51 100
note 4800 4830 16 51 100
note 4920 4950 16 54 100
note 5040 5070 16 51 100
note 5220 5250 16 51 100
note 5250 5280 16 51 100
note 5280 5310 16 51 100
note 5460 5490 16 51 100
note 5490 5520 16 51 100
note 5520 5550 16 51 100
note 5700 5730 16 51 100
note 5730 5760 16 51 100
note 5760 5790 16 51 100
note 5880 5910 16 54 100
note 6000 6030 16 51 100
note 6180 6210 16 51 100
note 6210 6240 16 51 100
note 6240 6270 16 44 100
note 6420 6450 16 44 100
note 6450 6480 16 44 100
note 6480 6510 16 46 100
note 6660 6690 16 46 100
note 6690 6720 16 46 100
note 6720 6750 16 46 100
note 6840 6870 16 46 100
note 6960 6990 16 51 100
note 7140 7170 16 51 100
note 7170 7200 16 51 100
note 7200 7230 16 51 100
note 7380 7410 16 51 100
note 7410 7440 16 51 100
note 7440 7470 16 51 100
note 7620 7650 16 51 100
note 7650 7680 16 51 100
note 7680 7710 16 51 100
note 7800 7830 16 54 100
note 7920 7950 16 51 100
note 8100 8130 16 51 100
note 8130 8160 16 51 100
note 8160 8190 16 46 100
note 8340 8370 16 46 100
note 8370 8400 16 46 100
note 8400 8430 16 51 100
note 8580 8610 16 51 100
note 8610 8640 16 51 100
note 8640 8670 16 51 100
note 8760 8790 16 54 100
note 8880 8910 16 51 100
note 9060 9090 16 51 100
note 9090 9120 16 51 100
note 9120 9150 16 51 100
note 9300 9330 16 51 100
note 9330 9360 16 51 100
note 9360 9390 16 51 100
note 9540 9570 16 51 100
note 9570 9600 16 51 100
note 9600 9630 16 51 100
note 9720 9750 16 54 100
note 9840 9870 16 51 100
note 10020 10050 16 51 100
note 10050 10080 16 51 100
note 10080 10110 16 44 100
note 10260 10290 16 44 100
note 10290 10320 16 44 100
note 10320 10350 16 46 100
note 10500 10530 16 46 100
note 10530 10560 16 46 100
note 10560 10590 16 46 100
note 10680 10710 16 46 100
note 10800 10830 16 51 100
note 10980 11010 16 51 100
note 11010 11040 16 51 100
note 11040 11070 16 51 100
note 11220 11250 16 51 100
note 11250 11280 16 51 100
note 11280 11310 16 51 100
note 11460 11490 16 51 100
note 11490 11520 16 51 100
note 11520 11550 16 51 100
note 11640 11670 16 54 100
note 11760 11790 16 51 100
note 11940 11970 16 51 100
note 11970 12000 16 51 100
note 12000 12030 16 46 100
note 12180 12210 16 46 100
note 12210 12240 16 46 100
note 12240 12270 16 51 100
note 12420 12450 16 51 100
note 12450 12480 16 51 100
note 12480 12510 16 51 100
note 12600 12630 16 54 100
note 12720 12730 16 44 100
note 12730 12740 16 44 100
note 12740 12750 16 44 100
note 12750 12760 16 44 100
note 12760 12770 16 44 100
note 12770 12780 16 44 100
note 12780 12790 16 44 100
note 12790 12800 16 44 100
note 12800 12810 16 44 100
note 12810 12820 16 44 100
note 12820 12830 16 44 100
note 12830 12840 16 44 100
note 12840 12850 16 44 100
note 12850 12860 16 44 100
note 12860 12870 16 44 100
note 12870 12880 16 44 100
note 12880 12890 16 44 100
note 12890 12900 16 44 100
note 12900 12910 16 44 100
note 12910 12920 16 44 100
note 12920 12930 16 44 100
note 12930 12940 16 44 100
note 12940 12950 16 44 100
note 12950 12960 16 44 100
note 12960 12970 16 44 100
note 12970 12980 16 44 100
note 12980 12990 16 44 100
note 12990 13000 16 44 100
note 13000 13010 16 44 100
note 13010 13020 16 44 100
note 13020 13030 16 44 100
note 13030 13040 16 44 100
note 13040 13050 16 44 100
note 13050 13060 16 44 100
note 13060 13070 16 44 100
note 13070 13080 16 44 100
note 13080 13090 16 44 100
note 13090 13100 16 44 100
note 13100 13110 16 44 100
note 13110 13120 16 44 100
note 13120 13130 16 44 100
note 13130 13140 16 44 100
note 13140 13150 16 44 100
note 13150 13160 16 44 100
note 13160 13170 16 44 100
note 13170 13180 16 44 100
note 13180 13190 16 44 100
note 13190 13200 16 44 100
note 13200 13210 16 44 100
note 13210 13220 16 44 100
note 13220 13230 16 44 100
note 13230 13240 16 44 100
note 13240 13250 16 44 100
note 13250 13260 16 44 100
note 13260 13270 16 44 100
note 13270 13280 16 44 100
note 13280 13290 16 44 100
note 13290 13300 16 44 100
note 13300 13310 16 44 100
note 13310 13320 16 44 100
note 13320 13330 16 44 100
note 13330 13340 16 44 100
note 13340 13350 16 44 100
note 13350 13360 16 44 100
note 13360 13370 16 44 100
note 13370 13380 16 44 100
note 13380 13390 16 44 100
note 13390 13400 16 44 100
note 13400 13410 16 44 100
note 13410 13420 16 44 100
note 13420 13430 16 44 100
note 13430 13440 16 44 100
note 13440 13450 16 44 100
note 13450 13460 16 44 100
note 13460 13470 16 44 100
note 13470 13480 16 44 100
note 13480 13490 16 44 100
note 13490 13500 16 44 100
note 13500 13510 16 44 100
note 13510 13520 16 44 100
note 13520 13530 16 44 100
note 13530 13540 16 44 100
note 13540 13550 16 44 100
note 13550 13560 16 44 100
note 13560 13570 16 44 100
note 13570 13580 16 44 100
note 13580 13590 16 44 100
note 13590 13600 16 44 100
note 13600 13610 16 44 100
note 13610 13620 16 44 100
note 13620 13630 16 44 100
note 13630 13640 16 44 100
note 13640 13650 16 44 100
note 13650 13660 16 44 100
note 13660 13670 16 44 100
note 13670 13680 16 44 100
note 13680 13690 16 44 100
note 13690 13700 16 44 100
note 13700 13710 16 44 100
note 13710 13720 16 44 100
note 13720 13730 16 44 100
note 13730 13740 16 44 100
note 13740 13750 16 44 100
note 13750 13760 16 44 100
note 13760 13770 16 44 100
note 13770 13780 16 44 100
note 13780 13790 16 44 100
note 13790 13800 16 44 100
note 0 10 10 57 31
note 10 20 10 57 35
note 20 30 10 57 38
note 30 40 10 57 41
note 40 50 10 57 44
note 50 60 10 57 47
note 60 70 10 57 51
note 70 80 10 57 54
note 80 90 10 57 57
note 90 100 10 57 60
note 100 110 10 57 63
note 110 120 10 57 66
note 120 130 10 57 70
note 130 140 10 57 73
note 140 150 10 57 76
note 150 160 10 57 79
note 160 170 10 57 83
note 170 180 10 57 86
note 180 190 10 57 89
note 190 200 10 57 92
note 200 210 10 57 96
note 210 220 10 57 99
note 220 235 10 57 100
note 240 270 10 57 100
note 720 750 10 57 100
note 1200 1230 10 57 100
note 1680 1710 10 57 100
note 2160 2190 10 57 51
note 2280 2310 10 57 59
note 2400 2430 10 57 66
note 2520 2550 10 57 73
note 2640 2670 10 57 80
note 2760 2790 10 57 87
note 2880 2910 10 57 94
note 3000 3030 10 57 101
note 3120 3150 10 57 100
note 3360 3390 10 57 100
note 3600 3630 10 57 100
note 3840 3870 10 57 100
note 4080 4110 10 57 100
note 4320 4350 10 57 100
note 4560 4590 10 57 100
note 4800 4830 10 57 100
note 5040 5070 10 57 100
note 5280 5310 10 57 100
note 5520 5550 10 57 100
note 5760 5790 10 57 100
note 6000 6030 10 57 100
note 6240 6270 10 57 100
note 6480 6510 10 57 100
note 6720 6750 10 57 100
note 6960 6990 10 57 100
note 7200 7230 10 57 100
note 7440 7470 10 57 100
note 7680 7710 10 57 100
note 7920 7950 10 57 100
note 8160 8190 10 57 100
note 8400 8430 10 57 100
note 8640 8670 10 57 100
note 8880 8910 10 57 100
note 9120 9150 10 57 100
note 9360 9390 10 57 100
note 9600 9630 10 57 100
note 9840 9870 10 57 100
note 10080 10110 10 57 100
note 10320 10350 10 57 100
note 10560 10590 10 57 100
note 10800 10830 10 57 100
note 11040 11070 10 57 100
note 11280 11310 10 57 100
note 11520 11550 10 57 100
note 11760 11790 10 57 100
note 12000 12030 10 57 100
note 12240 12270 10 57 100
note 12480 12510 10 57 100
note 12720 12750 10 57 100
