tempo 1000
note 0 235 1 74 60
note 0 715 1 55 40
note 240 475 1 72 60
note 480 715 1 71 60
note 720 955 1 69 60
note 721 1435 1 52 40
note 960 1195 1 79 60
note 1440 1675 1 78 60
note 1441 1675 1 78 60
note 1440 1915 1 54 40
note 1680 1915 1 76 60
note 1920 2635 1 74 60
note 1920 2635 1 55 40
note 2640 2875 1 71 60
note 2640 3355 1 57 40
note 2880 3115 1 67 60
note 3120 3355 1 67 60
note 3360 3595 1 69 60
note 3360 3835 1 55 40
note 3600 3835 1 71 60
note 3840 4795 1 72 60
note 3840 4555 1 52 40
note 4560 5275 1 54 40
note 5040 5275 1 66 60
note 5280 5515 1 67 60
note 5280 5755 1 52 40
note 5520 5755 1 69 60
note 5760 6475 1 71 60
note 5760 6475 1 55 40
note 6480 6595 1 72 60
note 6480 7195 1 52 40
note 6600 6715 1 71 60
note 6720 7675 1 69 60
note 7200 7675 1 50 40
note 7680 7915 1 74 60
note 7680 8395 1 55 40
note 7920 8155 1 72 60
note 8160 8395 1 71 60
note 8400 8635 1 74 60
note 8400 9115 1 52 40
note 8640 8875 1 79 60
note 8880 9115 1 78 60
note 9120 9355 1 78 60
note 9120 9595 1 54 40
note 9360 9595 1 79 60
note 9600 10315 1 76 60
note 9600 10315 1 55 40
note 10320 11515 1 74 60
note 10320 11035 1 57 40
note 11040 11515 1 55 40
note 11520 11755 1 72 60
note 11520 12235 1 52 40
note 11760 11995 1 71 60
note 12000 12235 1 69 60
note 12240 12475 1 67 60
note 12240 12955 1 54 40
note 12480 12715 1 74 60
note 12720 12955 1 72 60
note 12960 13195 1 71 60
note 12960 13435 1 57 40
note 13200 13435 1 69 60
note 13440 14395 1 67 60
note 13440 14155 1 55 40
note 14160 14875 1 52 40
note 14640 14875 1 67 60
note 14880 15115 1 69 60
note 14880 15355 1 50 40
note 15120 15355 1 71 60
note 15360 16315 1 72 60
note 15360 16315 1 48 40
note 16320 17035 1 74 60
note 16320 17275 1 50 40
note 17040 17275 1 72 60
note 17280 18235 1 71 60
note 17280 17995 1 55 40
note 18000 18715 1 52 40
note 18480 18715 1 67 60
note 18720 18955 1 69 60
note 18720 19195 1 50 40
note 18960 19195 1 71 60
note 19200 19675 1 72 60
note 19200 20155 1 48 40
note 19680 20155 1 72 60
note 20160 20875 1 74 60
note 20160 21115 1 50 40
note 20880 20995 1 72 60
note 21000 21115 1 74 60
note 21120 22075 1 71 60
note 21120 22075 1 55 40
note 22080 22555 1 57 40
note 22320 22555 1 71 60
note 22560 22795 1 69 60
note 22560 23035 1 55 40
note 22800 23035 1 67 60
note 23040 23995 1 69 60
note 23040 23995 1 52 40
note 24000 24475 1 64 60
note 24000 24955 1 57 40
note 24480 24955 1 71 60
note 24960 25915 1 69 60
note 24960 25915 1 52 40
note 25920 26395 1 67 60
note 25920 26875 1 55 40
note 26400 26875 1 64 60
note 26880 27835 1 66 60
note 26880 27835 1 54 40
note 27840 28315 1 67 60
note 27840 28795 1 52 40
note 28320 28795 1 71 60
note 28800 29755 1 71 60
note 28800 29755 1 52 40
note 29760 30715 1 69 60
note 29760 30715 1 54 40
note 30720 30955 1 74 60
note 30720 31435 1 55 40
note 30960 31195 1 72 60
note 31200 31435 1 71 60
note 31440 31675 1 69 60
note 31440 32155 1 52 40
note 31680 31915 1 79 60
note 31920 32155 1 76 60
note 32160 32395 1 78 60
note 32160 32635 1 54 40
note 32400 32635 1 76 60
note 32640 33355 1 74 60
note 32640 33355 1 55 40
note 33360 33595 1 71 60
note 33360 34075 1 57 40
note 33600 33835 1 67 60
note 33840 34075 1 67 60
note 34080 34315 1 69 60
note 34080 34555 1 55 40
note 34320 34555 1 71 60
note 34560 35515 1 72 60
note 34560 35275 1 52 40
note 35280 35995 1 54 40
note 35760 35995 1 66 60
note 36000 36235 1 67 60
note 36000 36475 1 52 40
note 36240 36475 1 69 60
note 36480 37195 1 71 60
note 36480 37195 1 55 40
note 37200 37315 1 72 60
note 37200 37915 1 52 40
note 37320 37435 1 71 60
note 37440 38395 1 69 60
note 37920 38395 1 50 40
note 38400 38635 1 74 60
note 38400 39115 1 55 40
note 38640 38875 1 72 60
note 38880 39115 1 71 60
note 39120 39355 1 74 60
note 39120 39835 1 52 40
note 39360 39595 1 79 60
note 39600 39835 1 78 60
note 39840 40075 1 78 60
note 39840 40315 1 54 40
note 40080 40315 1 79 60
note 40320 41035 1 76 60
note 40320 41035 1 55 40
note 41040 42235 1 74 60
note 41040 41755 1 57 40
note 41760 42235 1 55 40
note 42240 42475 1 72 60
note 42240 42955 1 52 40
note 42480 42715 1 71 60
note 42720 42955 1 69 60
note 42960 43195 1 67 60
note 42960 43675 1 54 40
note 43200 43435 1 74 60
note 43440 43675 1 72 60
note 43680 43915 1 71 60
note 43680 44155 1 57 40
note 43920 44155 1 69 60
note 44160 45115 1 67 60
note 44160 44875 1 55 40
note 44880 45595 1 52 40
note 45360 45595 1 67 60
note 45600 45835 1 69 60
note 45600 46075 1 50 40
note 45840 46075 1 71 60
note 46080 47035 1 72 60
note 46080 47035 1 48 40
note 47040 47755 1 74 60
note 47040 47995 1 50 40
note 47760 47995 1 72 60
note 48000 48955 1 71 60
note 48000 48715 1 55 40
note 48720 49435 1 52 40
note 49200 49435 1 67 60
note 49440 49675 1 69 60
note 49440 49915 1 50 40
note 49680 49915 1 71 60
note 49920 50395 1 72 60
note 49920 50875 1 48 40
note 50400 50875 1 72 60
note 50880 51595 1 74 60
note 50880 51835 1 50 40
note 51600 51715 1 72 60
note 51720 51835 1 74 60
note 51840 52795 1 71 60
note 51840 52795 1 55 40
note 52800 53275 1 57 40
note 53040 53275 1 71 60
note 53280 53515 1 69 60
note 53280 53755 1 55 40
note 53520 53755 1 67 60
note 53760 54715 1 69 60
note 53760 54715 1 52 40
note 54720 55195 1 64 60
note 54720 55675 1 57 40
note 55200 55675 1 71 60
note 55680 56635 1 69 60
note 55680 56635 1 52 40
note 56640 57115 1 67 60
note 56640 57595 1 55 40
note 57120 57595 1 64 60
note 57600 58555 1 66 60
note 57600 58555 1 54 40
note 58560 59035 1 67 60
note 58560 59515 1 52 40
note 59040 59515 1 71 60
note 59520 60475 1 71 60
note 59520 60475 1 52 40
note 60480 61435 1 69 60
note 60480 61435 1 54 40
note 61440 61675 1 74 60
note 61440 62155 1 55 40
note 61680 61915 1 72 60
note 61920 62155 1 71 60
note 62160 62395 1 69 60
note 62160 62875 1 52 40
note 62400 62635 1 79 60
note 62640 62875 1 76 60
note 62880 63115 1 78 60
note 62880 63355 1 54 40
note 63120 63355 1 76 60
note 63360 64075 1 74 60
note 63360 64075 1 55 40
note 64080 64315 1 71 60
note 64080 64795 1 57 40
note 64320 64555 1 67 60
note 64560 64795 1 67 60
note 64800 65035 1 69 60
note 64800 65275 1 55 40
note 65040 65275 1 71 60
note 65280 66235 1 72 60
note 65280 65995 1 52 40
note 66000 66715 1 54 40
note 66480 66715 1 66 60
note 66720 66955 1 67 60
note 66720 67195 1 52 40
note 66960 67195 1 69 60
note 67200 67915 1 71 60
note 67200 67915 1 55 40
note 67920 68035 1 72 60
note 67920 68635 1 52 40
note 68040 68155 1 71 60
note 68160 69115 1 69 60
note 68640 69115 1 50 40
note 69120 69355 1 74 60
note 69120 69835 1 55 40
note 69360 69595 1 72 60
note 69600 69835 1 71 60
note 69840 70075 1 74 60
note 69840 70555 1 52 40
note 70080 70315 1 79 60
note 70320 70555 1 78 60
note 70560 70795 1 78 60
note 70560 71035 1 54 40
note 70800 71035 1 79 60
note 71040 71755 1 76 60
note 71040 71755 1 55 40
note 71760 72955 1 74 60
note 71760 72475 1 57 40
note 72480 72955 1 55 40
note 72960 73195 1 72 60
note 72960 73675 1 52 40
note 73200 73435 1 71 60
note 73440 73675 1 69 60
note 73680 73915 1 67 60
note 73680 74395 1 54 40
note 73920 74155 1 74 60
note 74160 74395 1 72 60
note 74400 74635 1 71 60
note 74400 74875 1 57 40
note 74640 74875 1 69 60
note 74880 75835 1 67 60
note 74880 75595 1 55 40
note 75600 76315 1 52 40
note 76080 76315 1 67 60
note 76320 76555 1 69 60
note 76320 76795 1 50 40
note 76560 76795 1 71 60
note 76800 77755 1 72 60
note 76800 77755 1 48 40
note 77760 78475 1 74 60
note 77760 78715 1 50 40
note 78480 78715 1 72 60
note 78720 79675 1 71 60
note 78720 79435 1 55 40
note 79440 80155 1 52 40
note 79920 80155 1 67 60
note 80160 80395 1 69 60
note 80160 80635 1 50 40
note 80400 80635 1 71 60
note 80640 81115 1 72 60
note 80640 81595 1 48 40
note 81120 81595 1 72 60
note 81600 82315 1 74 60
note 81600 82555 1 50 40
note 82320 82435 1 72 60
note 82440 82555 1 74 60
note 82560 83515 1 71 60
note 82560 83515 1 55 40
note 83520 83995 1 57 40
note 83760 83995 1 71 60
note 84000 84235 1 69 60
note 84000 84475 1 55 40
note 84240 84475 1 67 60
note 84480 85435 1 69 60
note 84480 85435 1 52 40
note 85440 85915 1 64 60
note 85440 86395 1 57 40
note 85920 86395 1 71 60
note 86400 87355 1 69 60
note 86400 87355 1 52 40
note 87360 87835 1 67 60
note 87360 88315 1 55 40
note 87840 88315 1 64 60
note 88320 89275 1 66 60
note 88320 89275 1 54 40
note 89280 89755 1 67 60
note 89280 90235 1 52 40
note 89760 90235 1 71 60
note 90240 91195 1 71 60
note 90240 91195 1 52 40
note 91200 92155 1 69 60
note 91200 92155 1 54 40
note 92160 92395 1 74 60
note 92160 92875 1 55 40
note 92400 92635 1 72 60
note 92640 92875 1 71 60
note 92880 93115 1 69 60
note 92880 93595 1 52 40
note 93120 93355 1 79 60
note 93360 93595 1 76 60
note 93600 93835 1 78 60
note 93600 94075 1 54 40
note 93840 94075 1 76 60
note 94080 94795 1 74 60
note 94080 94795 1 55 40
note 94800 95035 1 71 60
note 94800 95515 1 57 40
note 95040 95275 1 67 60
note 95280 95515 1 67 60
note 95520 95755 1 69 60
note 95520 95995 1 55 40
note 95760 95995 1 71 60
note 96000 96955 1 72 60
note 96000 96715 1 52 40
note 96720 97435 1 54 40
note 97200 97435 1 66 60
note 97440 97675 1 67 60
note 97440 97915 1 52 40
note 97680 97915 1 69 60
note 97920 98635 1 71 60
note 97920 98635 1 55 40
note 98640 98755 1 72 60
note 98640 99355 1 52 40
note 98760 98875 1 71 60
note 98880 99835 1 69 60
note 99360 99835 1 50 40
note 99840 100075 1 74 60
note 99840 100555 1 55 40
note 100080 100315 1 72 60
note 100320 100555 1 71 60
note 100560 100795 1 74 60
note 100560 101275 1 52 40
note 100800 101035 1 79 60
note 101040 101275 1 78 60
note 101280 101515 1 78 60
note 101280 101755 1 54 40
note 101520 101755 1 79 60
note 101760 102475 1 76 60
note 101760 102475 1 55 40
note 102480 103675 1 74 60
note 102480 103195 1 57 40
note 103200 103675 1 55 40
note 103680 103915 1 72 60
note 103680 104395 1 52 40
note 103920 104155 1 71 60
note 104160 104395 1 69 60
note 104400 104635 1 67 60
note 104400 105115 1 54 40
note 104640 104875 1 74 60
note 104880 105115 1 72 60
note 105120 105355 1 71 60
note 105120 105595 1 57 40
note 105360 105595 1 69 60
note 105600 106555 1 67 60
note 105600 106315 1 55 40
note 106320 107035 1 52 40
note 106800 107035 1 67 60
note 107040 107275 1 69 60
note 107040 107515 1 50 40
note 107280 107515 1 71 60
note 107520 108475 1 72 60
note 107520 108475 1 48 40
note 108480 109195 1 74 60
note 108480 109435 1 50 40
note 109200 109435 1 72 60
note 109440 110395 1 71 60
note 109440 110155 1 55 40
note 110160 110875 1 52 40
note 110640 110875 1 67 60
note 110880 111115 1 69 60
note 110880 111355 1 50 40
note 111120 111355 1 71 60
note 111360 111835 1 72 60
note 111360 112315 1 48 40
note 111840 112315 1 72 60
note 112320 113035 1 74 60
note 112320 113275 1 50 40
note 113040 113155 1 72 60
note 113160 113275 1 74 60
note 113280 114235 2 71 60
note 113280 114235 2 55 40
note 114240 114715 2 57 40
note 114480 114715 2 71 60
note 114720 114955 2 69 60
note 114720 115195 2 55 40
note 114960 115195 2 67 60
note 115200 116155 2 69 60
note 115200 116155 2 52 40
note 116160 116635 2 64 60
note 116160 117115 2 57 40
note 116640 117115 2 71 60
note 117120 118075 2 69 60
note 117120 118075 2 52 40
note 118080 118555 2 67 60
note 118080 119035 2 55 40
note 118560 119035 2 64 60
note 119040 119995 2 66 60
note 119040 119995 2 54 40
note 120000 120475 2 67 60
note 120000 120955 2 52 40
note 120480 120955 2 71 60
note 120960 121915 2 71 60
note 120960 121915 2 52 40
note 121920 122875 2 69 60
note 121920 122875 2 54 40
note 122880 123115 2 74 60
note 122880 123595 2 55 40
note 123120 123355 2 72 60
note 123360 123595 2 71 60
note 123600 123835 2 69 60
note 123600 124315 2 52 40
note 123840 124075 2 79 60
note 124080 124315 2 76 60
note 124320 124555 2 78 60
note 124320 124795 2 54 40
note 124560 124795 2 76 60
note 124800 125515 2 74 60
note 124800 125515 2 55 40
note 125520 125755 2 71 60
note 125520 126235 2 57 40
note 125760 125995 2 67 60
note 126000 126235 2 67 60
note 126240 126475 2 69 60
note 126240 126715 2 55 40
note 126480 126715 2 71 60
note 126720 127675 2 72 60
note 126720 127435 2 52 40
note 127440 128155 2 54 40
note 127920 128155 2 66 60
note 128160 128395 2 67 60
note 128160 128635 2 52 40
note 128400 128635 2 69 60
note 128640 129355 2 71 60
note 128640 129355 2 55 40
note 129360 129475 2 72 60
note 129360 130075 2 52 40
note 129480 129595 2 71 60
note 129600 130555 2 69 60
note 130080 130555 2 50 40
note 130560 130795 2 74 60
note 130560 131275 2 55 40
note 130800 131035 2 72 60
note 131040 131275 2 71 60
note 131280 131515 2 74 60
note 131280 131995 2 52 40
note 131520 131755 2 79 60
note 131760 131995 2 78 60
note 132000 132235 2 78 60
note 132000 132475 2 54 40
note 132240 132475 2 79 60
note 132480 133195 2 76 60
note 132480 133195 2 55 40
note 133200 134395 2 74 60
note 133200 133915 2 57 40
note 133920 134395 2 55 40
note 134400 134635 2 72 60
note 134400 135115 2 52 40
note 134640 134875 2 71 60
note 134880 135115 2 69 60
note 135120 135355 2 67 60
note 135120 135835 2 54 40
note 135360 135595 2 74 60
note 135600 135835 2 72 60
note 135840 136075 2 71 60
note 135840 136315 2 57 40
note 136080 136315 2 69 60
note 136320 137275 2 67 60
note 136320 137035 2 55 40
note 137040 137755 2 52 40
note 137520 137755 2 67 60
note 137760 137995 2 69 60
note 137760 138235 2 50 40
note 138000 138235 2 71 60
note 138240 139195 2 72 60
note 138240 139195 2 48 40
note 139200 139915 2 74 60
note 139200 140155 2 50 40
note 139920 140155 2 72 60
note 140160 141115 2 71 60
note 140160 140875 2 55 40
note 140880 141595 2 52 40
note 141360 141595 2 67 60
note 141600 141835 2 69 60
note 141600 142075 2 50 40
note 141840 142075 2 71 60
note 142080 142555 2 72 60
note 142080 143035 2 48 40
note 142560 143035 2 72 60
note 143040 143755 2 74 60
note 143040 143995 2 50 40
note 143760 143875 2 72 60
note 143880 143995 2 74 60
note 144000 144955 2 71 60
note 144000 144955 2 55 40
note 144960 145435 2 57 40
note 145200 145435 2 71 60
note 145440 145675 2 69 60
note 145440 145915 2 55 40
note 145680 145915 2 67 60
note 145920 146875 2 69 60
note 145920 146875 2 52 40
note 146880 147355 2 64 60
note 146880 147835 2 57 40
note 147360 147835 2 71 60
note 147840 148795 2 69 60
note 147840 148795 2 52 40
note 148800 149275 2 67 60
note 148800 149755 2 55 40
note 149280 149755 2 64 60
note 149760 150715 2 66 60
note 149760 150715 2 54 40
note 150720 151195 2 67 60
note 150720 151675 2 52 40
note 151200 151675 2 71 60
note 151680 152635 2 71 60
note 151680 152635 2 52 40
note 152640 153595 2 69 60
note 152640 153595 2 54 40
note 153600 153835 2 74 60
note 153600 154315 2 55 40
note 153840 154075 2 72 60
note 154080 154315 2 71 60
note 154320 154555 2 69 60
note 154320 155035 2 52 40
note 154560 154795 2 79 60
note 154800 155035 2 76 60
note 155040 155275 2 78 60
note 155040 155515 2 54 40
note 155280 155515 2 76 60
note 155520 156235 2 74 60
note 155520 156235 2 55 40
note 156240 156475 2 71 60
note 156240 156955 2 57 40
note 156480 156715 2 67 60
note 156720 156955 2 67 60
note 156960 157195 2 69 60
note 156960 157435 2 55 40
note 157200 157435 2 71 60
note 157440 158395 2 72 60
note 157440 158155 2 52 40
note 158160 158875 2 54 40
note 158640 158875 2 66 60
note 158880 159115 2 67 60
note 158880 159355 2 52 40
note 159120 159355 2 69 60
note 159360 160075 2 71 60
note 159360 160075 2 55 40
note 160080 160195 2 72 60
note 160080 160795 2 52 40
note 160200 160315 2 71 60
note 160320 161275 2 69 60
note 160800 161275 2 50 40
note 161280 161515 2 74 60
note 161280 161995 2 55 40
note 161520 161755 2 72 60
note 161760 161995 2 71 60
note 162000 162235 2 74 60
note 162000 162715 2 52 40
note 162240 162475 2 79 60
note 162480 162715 2 78 60
note 162720 162955 2 78 60
note 162720 163195 2 54 40
note 162960 163195 2 79 60
note 163200 163915 2 76 60
note 163200 163915 2 55 40
note 163920 165115 2 74 60
note 163920 164635 2 57 40
note 164640 165115 2 55 40
note 165120 165355 2 72 60
note 165120 165835 2 52 40
note 165360 165595 2 71 60
note 165600 165835 2 69 60
note 165840 166075 2 67 60
note 165840 166555 2 54 40
note 166080 166315 2 74 60
note 166320 166555 2 72 60
note 166560 166795 2 71 60
note 166560 167035 2 57 40
note 166800 167035 2 69 60
note 167040 167995 2 67 60
note 167040 167755 2 55 40
note 167760 168475 2 52 40
note 168240 168475 2 67 60
note 168480 168715 2 69 60
note 168480 168955 2 50 40
note 168720 168955 2 71 60
note 168960 169915 2 72 60
note 168960 169915 2 48 40
note 169920 170635 2 74 60
note 169920 170875 2 50 40
note 170640 170875 2 72 60
note 170880 171835 2 71 60
note 170880 171595 2 55 40
note 171600 172315 2 52 40
note 172080 172315 2 67 60
note 172320 172555 2 69 60
note 172320 172795 2 50 40
note 172560 172795 2 71 60
note 172800 173275 2 72 60
note 172800 173755 2 48 40
note 173280 173755 2 72 60
note 173760 174475 2 74 60
note 173760 174715 2 50 40
note 174480 174595 2 72 60
note 174600 174715 2 74 60
note 174720 175675 2 71 60
note 174720 175675 2 55 40
note 175680 176155 2 57 40
note 175920 176155 2 71 60
note 176160 176395 2 69 60
note 176160 176635 2 55 40
note 176400 176635 2 67 60
note 176640 177595 2 69 60
note 176640 177595 2 52 40
note 177600 178075 2 64 60
note 177600 178555 2 57 40
note 178080 178555 2 71 60
note 178560 179515 2 69 60
note 178560 179515 2 52 40
note 179520 179995 2 67 60
note 179520 180475 2 55 40
note 180000 180475 2 64 60
note 180480 181435 2 66 60
note 180480 181435 2 54 40
note 181440 181915 2 67 60
note 181440 182395 2 52 40
note 181920 182395 2 71 60
note 182400 183355 2 71 60
note 182400 183355 2 52 40
note 183360 184315 2 69 60
note 183360 184315 2 54 40