tempo 2500
note 960 1039 1 98 27
note 1040 1119 1 93 27
note 1120 1199 1 91 27
note 1200 1239 1 86 27
note 1280 1359 1 91 30
note 1360 1439 1 93 30
note 1440 1519 1 98 34
note 1520 1599 1 93 37
note 1600 1679 1 91 40
note 1680 1719 1 86 43
note 1760 1839 1 91 46
note 1840 1919 1 93 49
note 1920 1999 1 98 52
note 2000 2079 1 93 55
note 2080 2159 1 91 58
note 2160 2199 1 86 61
note 2240 2319 1 91 65
note 2320 2399 1 93 68
note 2400 2479 1 98 71
note 2480 2559 1 93 74
note 2560 2639 1 91 77
note 2640 2679 1 86 80
note 2720 2799 1 91 83
note 2800 2879 1 93 86
note 2880 2959 1 98 89
note 2960 3039 1 93 92
note 3040 3119 1 91 96
note 3120 3159 1 86 99
note 3200 3279 1 91 102
note 3280 3359 1 93 105
note 3360 3439 1 98 108
note 3440 3519 1 93 111
note 3520 3599 1 91 114
note 3600 3639 1 86 117
note 3680 3759 1 91 120
note 3760 3839 1 93 123
note 3840 3919 1 98 127
note 3920 3999 1 93 127
note 4000 4079 1 91 127
note 4080 4119 1 86 127
note 4160 4239 1 91 127
note 4240 4319 1 93 127
note 4320 4399 1 98 127
note 4400 4479 1 93 127
note 4480 4559 1 91 127
note 4560 4599 1 86 127
note 4640 4719 1 91 127
note 4720 4799 1 93 127
note 4800 4879 1 98 127
note 4880 4959 1 93 127
note 4960 5039 1 91 127
note 5040 5079 1 86 127
note 5120 5199 1 91 127
note 5200 5279 1 93 127
note 5280 5359 1 98 127
note 5360 5439 1 93 127
note 5440 5519 1 91 127
note 5520 5559 1 90 127
note 5600 5679 1 91 127
note 5680 5759 1 93 127
note 5760 5839 1 100 127
note 5840 5919 1 95 127
note 5920 5999 1 93 127
note 6000 6079 1 92 127
note 6080 6159 1 93 127
note 6160 6239 1 95 127
note 6240 6319 1 100 127
note 6320 6399 1 95 127
note 6400 6479 1 93 127
note 6480 6559 1 92 127
note 6560 6639 1 93 127
note 6640 6719 1 95 127
note 6720 6799 1 93 127
note 6800 6879 1 88 127
note 6880 6959 1 86 127
note 6960 7039 1 81 127
note 7040 7119 1 86 127
note 7120 7199 1 88 127
note 7200 7279 1 93 127
note 7280 7359 1 88 127
note 7360 7439 1 86 127
note 7440 7519 1 81 127
note 7520 7599 1 86 127
note 7600 7679 1 88 127
note 7680 7759 1 93 127
note 7760 7839 1 88 127
note 7840 7919 1 86 127
note 7920 7999 1 81 127
note 8000 8079 1 86 127
note 8080 8159 1 88 127
note 8160 8239 1 93 127
note 8240 8319 1 88 127
note 8320 8399 1 86 127
note 8400 8479 1 81 127
note 8480 8559 1 86 127
note 8560 8639 1 88 127
note 8640 8719 1 93 127
note 8720 8799 1 88 127
note 8800 8879 1 86 127
note 8880 8959 1 81 127
note 8960 9039 1 86 127
note 9040 9119 1 88 127
note 9120 9199 1 93 127
note 9200 9279 1 88 127
note 9280 9359 1 86 127
note 9360 9439 1 81 127
note 9440 9519 1 86 127
note 9520 9599 1 88 127
note 9600 9679 1 93 127
note 9680 9759 1 88 127
note 9760 9839 1 86 127
note 9840 9919 1 81 127
note 9920 9999 1 86 127
note 10000 10079 1 88 127
note 10080 10159 1 93 127
note 10160 10239 1 88 127
note 10240 10319 1 86 127
note 10320 10399 1 81 127
note 10400 10479 1 86 127
note 10480 10559 1 88 127
note 10560 10639 1 93 127
note 10640 10719 1 88 123
note 10720 10799 1 86 123
note 10800 10879 1 81 114
note 10880 10959 1 86 114
note 10960 11039 1 88 111
note 11040 11119 1 93 111
note 11120 11199 1 88 111
note 11200 11279 1 86 105
note 11280 11359 1 81 96
note 11360 11439 1 86 96
note 11440 11519 1 88 92
note 11520 11599 1 93 89
note 11600 11679 1 88 89
note 11680 11759 1 86 83
note 11760 11839 1 81 71
note 11840 11919 1 86 68
note 11920 11999 1 88 65
note 12000 12079 1 93 61
note 12080 12159 1 88 55
note 12160 12239 1 86 52
note 12240 12319 1 81 43
note 12320 12399 1 86 34
note 12400 12479 1 88 18
note 3840 4079 2 50 127
note 4080 4099 2 50 49
note 4100 4119 2 50 55
note 4120 4139 2 50 55
note 4140 4159 2 50 58
note 4160 4179 2 50 58
note 4180 4199 2 50 61
note 4200 4219 2 50 65
note 4220 4239 2 50 68
note 4240 4259 2 50 68
note 4260 4279 2 50 68
note 4280 4299 2 50 68
note 4300 4319 2 50 68
note 4320 4339 2 50 71
note 4340 4359 2 50 74
note 4360 4379 2 50 77
note 4380 4399 2 50 77
note 4400 4419 2 50 80
note 4420 4439 2 50 83
note 4440 4459 2 50 86
note 4460 4479 2 50 89
note 4480 4499 2 50 92
note 4500 4519 2 50 92
note 4520 4539 2 50 92
note 4540 4559 2 50 96
note 4560 4579 2 50 96
note 4580 4599 2 50 99
note 4600 4619 2 50 102
note 4620 4639 2 50 108
note 4640 4659 2 50 111
note 4660 4679 2 50 114
note 4680 4699 2 50 117
note 4700 4719 2 50 120
note 4720 4739 2 50 123
note 4740 4759 2 50 127
note 4760 4779 2 50 127
note 4780 4799 2 50 127
note 4800 5039 2 50 127
note 4800 5759 3 69 127
note 4800 5759 3 74 127
note 4800 5759 3 67 127
note 5760 6719 3 76 127
note 5760 6719 3 71 127
note 5760 6719 3 69 127
note 6720 11519 3 69 127
note 6720 11519 3 64 127
note 6720 11519 3 62 127
note 4800 5759 4 50 127
note 4800 5759 4 74 127
note 4800 5759 4 69 127
note 4800 5759 4 67 127
note 5760 6719 4 54 127
note 5760 6719 4 76 127
note 5760 6719 4 71 127
note 5760 6719 4 69 127
note 6720 11519 4 64 127
note 6720 11519 4 62 127
note 6720 11519 4 69 127
note 6720 11519 4 53 127
note 4800 5759 5 86 127
note 5760 6719 5 88 127
note 6720 11519 5 93 127
note 0 39 10 37 127
note 40 79 10 37 40
note 80 119 10 37 30
note 120 159 10 37 21
note 160 199 10 37 102
note 200 239 10 37 40
note 240 279 10 37 30
note 280 319 10 37 21
note 320 359 10 37 15
note 360 399 10 37 15
note 400 439 10 37 15
note 440 479 10 37 15
note 480 519 10 37 127
note 520 559 10 37 40
note 560 599 10 37 30
note 600 639 10 37 21
note 640 679 10 37 102
note 680 719 10 37 40
note 720 759 10 37 30
note 760 799 10 37 21
note 800 839 10 37 15
note 840 879 10 37 15
note 880 919 10 37 15
note 920 959 10 37 15
note 960 999 10 37 127
note 1000 1039 10 37 40
note 1040 1079 10 37 30
note 1080 1119 10 37 21
note 1120 1159 10 37 102
note 1160 1199 10 37 40
note 1200 1239 10 37 30
note 1240 1279 10 37 21
note 1280 1319 10 37 15
note 1320 1359 10 37 15
note 1360 1399 10 37 15
note 1400 1439 10 37 15
note 1440 1479 10 37 127
note 1480 1519 10 37 40
note 1520 1559 10 37 30
note 1560 1599 10 37 21
note 1600 1639 10 37 102
note 1640 1679 10 37 40
note 1680 1719 10 37 30
note 1720 1759 10 37 21
note 1760 1799 10 37 15
note 1800 1839 10 37 15
note 1840 1879 10 37 15
note 1880 1919 10 37 15
note 1920 1959 10 37 127
note 1960 1999 10 37 40
note 2000 2039 10 37 30
note 2040 2079 10 37 21
note 2080 2119 10 37 102
note 2120 2159 10 37 40
note 2160 2199 10 37 30
note 2200 2239 10 37 21
note 2240 2279 10 37 15
note 2280 2319 10 37 15
note 2320 2359 10 37 15
note 2360 2399 10 37 15
note 2400 2439 10 37 127
note 2440 2479 10 37 40
note 2480 2519 10 37 30
note 2520 2559 10 37 21
note 2560 2599 10 37 102
note 2600 2639 10 37 40
note 2640 2679 10 37 30
note 2680 2719 10 37 21
note 2720 2759 10 37 15
note 2760 2799 10 37 15
note 2800 2839 10 37 15
note 2840 2879 10 37 15
note 2880 2919 10 37 127
note 2920 2959 10 37 40
note 2960 2999 10 37 30
note 3000 3039 10 37 21
note 3040 3079 10 37 102
note 3080 3119 10 37 40
note 3120 3159 10 37 30
note 3160 3199 10 37 21
note 3200 3239 10 37 15
note 3240 3279 10 37 15
note 3280 3319 10 37 15
note 3320 3359 10 37 15
note 3360 3399 10 37 127
note 3400 3439 10 37 40
note 3440 3479 10 37 30
note 3480 3519 10 37 21
note 3520 3559 10 37 102
note 3560 3599 10 37 40
note 3600 3639 10 37 30
note 3640 3679 10 37 21
note 3680 3719 10 37 15
note 3720 3759 10 37 15
note 3760 3799 10 37 15
note 3800 3839 10 37 15
note 3840 3879 10 37 127
note 3880 3919 10 37 40
note 3920 3959 10 37 30
note 3960 3999 10 37 21
note 4000 4039 10 37 102
note 4040 4079 10 37 40
note 4080 4119 10 37 30
note 4120 4159 10 37 21
note 4160 4199 10 37 15
note 4200 4239 10 37 15
note 4240 4279 10 37 15
note 4280 4319 10 37 15
note 4320 4359 10 37 83
note 4360 4399 10 37 37
note 4400 4439 10 37 30
note 4440 4479 10 37 21
note 4480 4519 10 37 71
note 4520 4559 10 37 40
note 4560 4599 10 37 30
note 4600 4639 10 37 21
note 4640 4679 10 37 15
note 4680 4719 10 37 15
note 4720 4759 10 37 15
note 4760 4799 10 37 15
note 4800 5279 10 49 127
note 4800 5279 10 57 127
